12
TEDAVA 3 28 25 40
POYE 12 9 15 17 1 13 35 11 16 26 10 23 9
SOLU 11 13 37 2 25 32 21 25 35 20 36 38
XUBAMU 6 23 28 8 25 31 8
XUKEWOBA 6 8 31 36 17 15 20
REXEJIPA 15 31 23 37 1 39 35 32 30 39 35 12 40 28 17 8
QUQU 6 2 4 21 38 24 20
PUHO 14 1 26 17 28 37 7 19 32 3 29 23 3 5 37
GUKEZO 7 18 20 34 17 36 37 30
VOCIKU 12 38 19 33 27 33 7 2 14 21 18 24 16
YUDOTAKA 9 16 31 17 34 39 2 26 12 23
WI 12 27 15 22 30 28 30 39 15 17 27 31 19
YUDOTAKA 7
5
QUAKE XUKEWOBA 25 2
RISE YUDOTAKA 37 3
CRUMBLE
STABILIZE
CRUMBLE
