12
CUHARU 11 17 37 16 12 16 32 3 21 19 8 3
VUSEVA 5 30 25 38 28 40
HO 13 4 23 9 33 36 31 40 4 21 25 33 6 29
VOQITIRE 9 31 5 4 24 16 30 32 30 3
XOWOCA 10 31 3 4 17 35 12 25 7 6 23
KE 15 21 27 12 40 30 38 17 22 27 25 12 32 9 39 16
GI 14 37 11 20 8 31 2 35 26 25 8 1 17 40 40
XAVATEZA 13 3 40 27 17 29 1 36 17 16 18 27 35 28
NOKIJOZU 9 5 17 37 17 35 29 15 18 34
DAPOWOHO 11 11 23 25 23 16 16 36 15 6 19 19
MAPAKEMA 6 30 27 5 39 34 27
YISULUNU 8 26 7 33 27 9 13 28 39
MAPAKEMA 2
4
SWEEPING YISULUNU 10
SWEEPING NOKIJOZU 6
SWEEPING HO 8
SWEEPING GI 4
