11
XIDO 4 29 16 2 9
VININA 15 4 4 8 6 38 31 24 2 31 7 10 2 22 1 16
ZOCONEBU 15 15 9 7 33 18 18 22 32 16 29 24 17 24 20 26
GA 15 7 10 32 27 3 25 17 19 8 28 26 33 11 29 13
RODE 13 40 27 28 40 32 37 25 13 19 36 29 26 11
HONEDOCO 13 7 8 30 14 37 40 1 17 11 32 10 38 6
KIQOGI 14 11 8 29 25 33 7 6 17 36 40 4 26 9 24
SOWIBU 12 14 37 15 17 9 39 31 13 10 15 39 2
LUHUJAJE 15 20 31 39 1 23 4 9 2 34 40 9 16 31 10 7
MOZUJO 12 2 31 1 37 30 39 8 27 25 23 35 26
WISI 10 9 32 31 3 36 32 24 5 1 32
WISI 9
4
SWEEPING ZOCONEBU 3
SWEEPING HONEDOCO 9
SWEEPING KIQOGI 9
UNIFIKASI ZOCONEBU LUHUJAJE
