0
0
900
7650
0
14979
22623
0
31227
0
36282
0
UOEOIUUU
14219
0
14637
0
19347
21203
0
0
30233
0
EOAEUUEEI
27653
0
36851
37655
0
46965
0
AOUOAU
31536
0
32632
0
0
34243
43905
UOEEEAEOUA
0
47420
50368
0
51418
0
0
0
52466
58883
68567
EU
0
50596
0
58627
0
65357
UEEIEUOOOI
0
61752
66582
68020
76079
79659
0
0
89582
IIAAAUE
76639
0
80057
0
EOEIIO
0
6750
0
57430
65710
67006
EIIEOAEUE
47852
0
0
AUOIAO
23312
0
OU
17976
23626
0
31536
0
IUEEIAAEIA
OOIIOOO
5555
OOIIOOO
15376
OOIIOOO
18942
25037
30554
33829
36500
AOAOUOUO
31609
41285
43755
UAIAAI
33139
40729
0
43457
0
IIEAEUI
0
44874
49677
0
0
0
50153
418
51615
1296
56370
57767
0
63149
4891
63961
66248
67330
0
68340
75759
0
EIIA
62645
1252
9030
0
AOAOUUUU
63861
67857
68916
77417
0
83848
85021
0
6750
92952
95075
100476
100696
0
AOAUOA
UUUOI
0
0
0
58009
UAUOEEA
OAAIOIO
20021
25673
0
34368
15326
39620
EOAAAIO
1010
43384
8059
51350
0
59725
0
0
1296
1050
0
62931
71070
78199
84050
89198
95645
0
AOUUEUOOE
84594
89057
0
97113
0
7594
0
8149
AUUAIO
0
90445
220
EIIA
UOIO
65116
69767
76498
82590
90361
100060
OIOAUOEUEI
0
0
0
OUAIIAI
71130
73290
74241
83060
89135
98112
105195
106420
0
0
0
AIAAA
95526
103356
0
110448
0
6750
120284
0
129028
0
AIAAA
127986
8860
0
128735
134310
134843
142879
144236
2671
1010
AIAAA
147172
IEAE
0
0
142125
0
0
0
149135
156191
162213
165851
IEAE
172587
0
182431
0
183521
188723
196857
12616
206597
OAAAEO
1252
1050
186946
5819
187910
0
192111
A
0
6730
8280
194288
199958
207447
209169
213359
0
220493
222711
225632
231544
A
228142
238048
IAIAA
233561
8031
238430
241480
EAIEOIEAA
234793
9923
243810
244456
UEUEOAIOI
1296
240005
5517
OAE
218612
0
0
220764
EIIUAE
211290
213918
214079
220152
0
222246
9041
IOEOUAIIAA
0
0
IE
IEAUEEUE
156588
161311
7771
167626
4830
0
5148
6064
172097
174059
175987
IEAUEEUE
AOAII
169412
7746
0
171811
174116
181790
7931
189298
OUO
19511
0
167457
176202
183207
189486
199208
205845
0
OUO
204645
211179
211974
215010
218956
226245
233804
11535
237696
246974
247627
OUO
0
0
IIAUOIUO
234702
IIAUOIUO
234586
237252
238490
248413
IIAUOIUO
OOIIOOO
9041
IU
AIEAUO
181586
9353
190730
EIUIAUO
188455
AOAEUIUUA
176862
0
186164
4661
191335
15326
0
197628
199836
209758
216848
226661
235175
244028
253867
260071
269612
277494
EEUOOE
253675
254079
9906
15399
254581
UEEIEUOOOI
249270
257090
258599
259385
262635
O
OUII
249985
964
253033
258995
268635
0
12766
7135
11098
UAUAEIE
268263
0
268667
274417
14399
OAEOAEO
250172
255041
533
263884
270833
277430
277456
286707
292492
298454
299385
OUIOAO
8608
289904
291734
294425
302533
304626
308135
315214
321232
0
330049
333963
9010
0
341828
0
2234
347744
OAOO
332422
UAI
0
AOUAAIEAO
3915
280217
AOUAAIEAO
285725
293102
9722
293983
AOUAAIEAO
276804
281163
290741
OEOOOE
EAOA
7644
258678
268484
OUIUOEEOOI
265902
8613
EAUAUEEOA
3580
4661
242902
9805
250411
258364
14749
261603
265626
272804
273013
281271
288390
EAUAUEEOA
AOU
0
19757
9041
263238
0
267960
2951
0
12032
EIOAIIOI
IUAIAIEU
254181
256638
AAIIAEEA
7005
7766
239038
240183
0
0
244795
246892
10226
7135
15987
0
2728
254585
260689
269563
AOEUAI
254591
259466
OAOO
241446
8425
0
249218
257683
258584
259858
9640
6064
3741
3946
0
267154
9844
0
277113
6064
282207
6095
8149
4201
0
282223
EU
259793
261887
20020
265203
269143
1722
4826
1826
278720
286954
7766
4869
0
15399
8608
295577
303807
12278
311775
EOAEUUEEI
312440
10226
13789
6534
317377
318047
10436
320389
OUO
OUO
0
301387
302939
311673
312015
AUOIAO
293535
IOEOUAIIAA
0
1962
12767
OUEEIAI
19511
255210
264239
EIUIAOAAAA
0
IUIIIA
251063
UI
239864
IEAEIAEUE
228025
230840
235522
0
12658
AUUAU
239479
7135
20711
241162
250113
20020
256665
265957
267303
9805
274362
EIUIAUO
260412
267424
275130
280876
290027
4661
291852
292416
3946
12278
295718
EAEIUOEA
282171
16878
0
287618
8473
288848
AUI
289816
291122
0
295374
OAAIEUAUAO
7005
279390
8339
286942
288409
AAA
IEAE
259452
264417
IAIAA
250489
OEUO
3789
248096
257297
3472
OIOAUOEUEI
236669
239121
248232
0
252099
252130
254543
257269
7134
259475
266383
15987
275352
276781
280748
OUO
OUIUOEEOOI
261936
0
4201
9640
269467
0
EAUAUEEOA
257561
260556
0
AI
21328
1826
4722
238331
1296
21328
15326
AAEAU
212669
214721
217430
17616
20711
7931
4826
227224
228652
229677
237888
1722
238022
246194
256002
14559
259570
262834
268113
268130
277083
283880
291123
291512
297305
EOAAAIO
0
297314
300950
15233
10436
11344
12219
7005
22750
14147
306030
3946
307203
308447
EEEOEAI
OUO
281732
8797
286372
294142
303276
309755
317460
318170
322329
331975
333526
338035
338050
346814
A
1296
A
331933
9041
OAE
326169
OAE
328763
337750
346028
354303
360048
365175
370962
373519
375383
14626
16463
384029
391824
9844
1826
393336
402728
19647
13022
407191
AOAOUOUO
1722
24873
4869
8867
393414
399633
403633
411660
10834
420112
UOOAUA
425982
0
14916
434673
442406
4755
451600
453606
12278
OIUE
445965
EAUAUEEOA
30037
AUUEUOOU
3015
412027
413036
AIEAIEUIE
7766
399099
407211
0
AOAEUIUUA
20290
401239
AOAEUIUUA
6417
5090
402532
8122
29639
8339
8122
403989
404740
414062
416191
30037
6584
8867
417355
425218
426889
26839
0
428284
429543
9274
438515
UOEOIUUU
425028
24702
428260
9805
436006
438744
445202
448091
454227
16878
456655
460454
461787
3789
UEUO
439652
OEOEE
432763
3996
10280
12050
24273
441042
14147
8797
445172
9692
449801
456116
460117
9957
28387
13736
461829
466412
473301
13116
481762
7766
486757
494078
501458
504405
IAIAA
490175
14559
498024
1826
498353
501381
504156
5670
512495
512657
8867
516740
16878
16890
24694
3789
520262
7134
526191
531436
0
536743
13022
6728
7931
538921
14388
548671
0
14916
UAEUAAAUUU
28387
IUUIE
527347
528287
534447
541892
0
546285
551091
OUIUOEEOOI
19949
EI
EAEAIUUAI
17
524472
524876
10346
530363
0
0
0
538338
7931
EAUAUEEOA
36227
EIIA
517706
521520
524789
533550
541183
EIIA
540216
IAAAUOUUIO
533367
18924
9939
0
539515
541895
546472
AIEAIEUIE
OUO
513389
9134
515029
26640
517052
16878
0
521511
7601
524726
23121
527323
17616
535775
EOAEUUEEI
EOAEUUEEI
522426
19686
529375
4480
17073
529913
535586
3967
538801
545392
553354
5517
13629
554767
557429
561666
3335
571622
575235
IIEIAOIEI
13116
0
554092
557574
563798
7194
567058
18154
573730
3996
575230
8339
575880
7139
585789
9541
5670
593978
602601
9106
3696
611870
26097
612643
621191
624685
631898
641038
9957
644978
652884
659916
16915
4480
14201
0
389
EIIEOAEUE
EIIEOAEUE
8867
2815
IEAE
EOEUA
605617
607133
611691
AIEAIEUIE
614689
UOAAEEE
28122
13958
UOAAEEE
589890
1296
591252
UOAAEEE
597980
601857
UOEIUOIA
607059
611234
9489
0
617097
626600
632279
637218
640734
AOUOAU
637810
641392
812
UUOAA
41744
IU
608144
610926
615794
4480
15673
14658
623391
13822
AUIIUOUO
614162
622906
629477
631714
AU
609762
618897
622283
14388
629802
IIEIAOIEI
3335
633102
641441
647213
IOAOEAAA
0
630538
7139
17
632497
AO
9134
632341
636700
26181
41744
639311
649149
658138
666163
26640
671179
678674
20711
684322
OOOOAEOUII
9959
663684
671379
680126
688505
695955
26025
703570
8459
24273
16915
0
710518
717545
718519
31332
726718
EAIEOIEAA
62164
700806
EUOIIIAA
UOOAUA
14014
19647
667945
IIEE
20290
663128
16890
IEOIAOOUOU
3967
14658
645521
31829
645860
648556
9692
7227
657721
663312
EUEUIUOIOA
640115
643001
3867
649590
651157
660376
AUUAIO
6315
634581
27612
OAAAEO
617039
618109
10977
621934
625424
25517
627264
636617
643781
14162
653156
657982
665836
674441
679507
10053
685140
10977
OUOA
EUOEOEOIE
661716
666888
0
675665
17167
751
679630
688325
690362
696893
9939
703300
710884
IE
20086
693068
700106
13116
17
15211
UOIO
16991
21275
703489
710787
UOIO
711642
UOIO
718129
EUEUEIU
EEEOEAI
692368
14495
699106
709000
717199
14658
EU
19949
15730
707460
AOAUOA
704887
707726
710337
712607
21275
719182
728173
730512
734177
UEUUAAUIAI
3228
UEUEOAIOI
712377
OOOOAEOUII
699214
706470
12219
708252
710459
720326
720337
IUEEIAAEIA
700535
704922
19178
13022
705282
A
23114
UAIO
OUAIIAI
645899
648323
26362
648498
9605
17167
652628
IEAE
12879
3264
IEAE
14360
23031
16572
21275
11931
630243
638849
12582
641708
18656
643357
EIAEUAE
IEAUEEUE
615991
12849
13388
618849
620540
16112
4661
623516
30235
AOEUOEOEAO
8817
611446
617167
620336
627300
UOAAEEE
OEAOIUIIO
20290
22030
598740
607337
616289
18656
621461
OU
4521
19949
600697
604453
607430
610026
616292
622476
625111
19178
UAIO
8625
610602
5090
617569
626951
8817
627396
633058
638277
643148
3619
647185
38995
11931
655101
25517
661309
666399
672345
676673
678997
682971
685953
695383
702582
711940
UOIO
18225
702988
10053
706396
715773
715862
725776
728093
27612
EEEEUA
719895
17616
725477
728448
26066
735650
740557
22244
746971
750907
31092
30037
759592
762814
772546
781064
0
4393
786151
791026
AUI
777582
UAUAEIE
774125
783935
4393
10700
5848
19880
791202
9950
796189
3619
797000
806173
813840
OUUAEOEUI
37299
802988
EIIIUEAAUA
8867
800303
9939
AUUAU
6318
783392
773
788255
791670
AEEOIO
8366
EEUA
760844
761875
763774
EEUA
UUEUAI
763380
9134
IUEEIAAEIA
IUIIIA
13525
IUIIIA
722166
728329
729682
14893
732287
19764
740371
744057
746760
752635
OOOOAEOUII
736387
9640
15211
737888
9421
OOOOAEOUII
19764
737257
19026
737951
46273
743470
OOOOAEOUII
742900
745711
IAOOIUUOIO
6318
AIOO
714846
719422
723068
731187
731604
9421
15094
740131
743481
745959
AIOO
744791
748180
14893
756068
57711
43659
7495
15463
765410
4661
UAUOEEA
756603
758126
758379
UAUOEEA
755659
OUAIIAI
12111
11931
739375
741427
744490
27612
24257
7164
AOIAU
723226
18656
726020
728550
7227
736587
3679
35087
743730
IEAEIAEUE
17616
4023
21922
1962
730134
27823
23121
732311
735496
738084
5848
738465
747345
756213
765725
26933
771992
776014
31
781917
789705
6601
798809
6601
803096
26384
OAAOIEA
786687
22037
794935
11592
24560
798751
802381
804714
812428
813349
30037
23031
9096
818232
826591
828753
838344
847169
3619
852046
858759
16915
OAAOIEA
864499
868901
868980
875448
12879
882669
890265
32210
4023
AIEAIEUIE
876313
880106
AOAUOA
12254
UUUOI
855935
859719
866116
874861
32210
IIEAEUI
IIEAEUI
852096
860039
861654
863256
2145
872425
IOOUE
870604
OUII
874186
33020
4023
882153
883917
UEUEOAIOI
14893
866903
28268
19026
EOAAAIO
17952
15094
847056
856166
859968
IE
12219
OAOO
849025
IUOUIUEE
AOEUOEOEAO
30301
826502
828161
830827
837274
840006
841722
846798
AOEUOEOEAO
12371
853975
EIIIUEAAUA
15987
9575
27663
856214
856545
857762
858062
859049
866615
874678
16878
34911
UAEUAAAUUU
857015
37502
29371
12614
865048
869313
OAEOAEO
865448
865661
866824
11747
EEUOOE
868347
868595
869862
24273
19246
UUEUAI
865786
872274
UOUIO
869762
877288
878155
16432
878780
882737
OEOEE
30301
28195
880198
EEUOOE
UAI
876650
881683
22183
25543
883996
27663
22183
889583
891810
32223
37502
19764
892434
898879
15463
899802
25869
16915
904231
23031
910008
6315
24273
32484
912095
917541
919391
18556
922788
2738
UEEIEUOOOI
4023
915345
916543
32489
EIUIAOAAAA
28195
21598
902988
911017
920470
923704
18656
22183
5517
929375
AUUAIO
913868
922282
IIAAAUE
22961
27612
917545
EOAAAIO
919442
IUAIAIEU
893051
897981
41744
25119
903463
16743
32484
905204
908307
8527
909244
9939
917235
OAEUOEOI
905525
22226
24273
28884
913035
913123
5358
918286
7164
923598
929939
937655
939653
943497
946025
EAIU
924026
15463
UOAAEEE
920125
926735
17616
930579
934566
937142
945377
951108
960412
31495
29464
5707
967533
19070
23357
EIUAEE
AIAAA
948016
UEEIAOEO
934979
AEOIEI
916519
925776
EUOUUEI
23357
9575
OAAIOIO
AOU
23121
EUOEOEOIE
EAEAIUUAI
852883
33643
862165
31999
4023
865069
21598
867506
22961
873305
EU
UAUOEEA
23357
843774
850692
855901
40593
857153
22507
18556
AAIIAEEA
19686
12111
831321
0
28268
840859
843181
30301
848677
857632
867363
868307
868567
11747
875159
9389
7227
875703
OE
22248
IUEA
829683
UUO
822447
27467
UUO
7690
EAOA
14270
5848
13541
UOEEEAEOUA
4023
780131
780737
783350
UAEUAAAUUU
29391
6400
770972
12219
779271
UEUEOAIOI
765731
775073
IAIAA
750194
759543
OIOAE
8339
757193
18209
764055
766268
768994
AOIOOOIEI
32038
23230
8339
758972
OEOOOE
28379
759159
766951
23804
15987
775786
2977
776830
25752
33702
778540
788365
792552
798400
800086
6981
806598
814949
819531
828705
12111
26720
828754
834658
842543
852235
OEOOOE
857849
860618
870500
5462
21752
2738
872854
874865
IU
855698
29862
860059
862813
9939
871017
871726
UOEIUOIA
858688
858728
866822
867249
AAEE
31390
EUE
845961
6981
850264
854249
0
861164
864581
46273
EUE
863466
872877
0
880847
889686
59252
899336
904415
910408
OAAOIEA
11225
30267
25241
904105
39238
15593
905639
OUIUOEEOOI
882359
26720
889628
894889
35816
897109
28787
15959
899925
909106
33643
913954
921715
22441
17210
19811
62164
929302
17210
933816
939481
945975
EIOAIIOI
936461
943095
946918
956419
959450
968170
971870
980915
18508
27467
AOAII
965975
968871
974640
EEUOOE
62567
10917
5517
964546
17616
968420
970273
976143
19811
976380
985478
989838
22297
35816
992567
995315
1001509
1001675
16247
9017
12135
1001970
1007056
1009793
16743
AO
1003742
1009546
1018258
7830
9389
1019868
AUIAAEOI
26349
1000017
1000497
1008735
4877
1016670
1021430
1023275
11225
1031213
2977
1031845
1039157
45088
UAUAEIE
AOEUAI
11225
UOEEEAEOUA
3679
12111
986421
994176
OAAIEUAUAO
AAEAUA
39025
976939
980399
25752
OUAIIAI
33702
956553
958358
23191
OUAIIAI
958621
965465
967854
974433
AOUOAU
963409
964490
27467
8556
970129
971926
972822
AOUUEUOOE
979954
4877
986771
993312
28787
25852
57767
1000449
1001611
23230
1002094
0
1008397
8556
1012011
26349
1017006
1026391
1035874
10917
EUIAOOIE
7830
15593
1023939
15959
1029865
38995
IOOAOUUEUO
1005458
44305
21303
1005578
33020
1008389
1013280
1020799
1024274
1030992
22507
1031189
1039338
3679
8527
EIAEUAE
AAA
31999
41744
1014309
UOUIO
1003517
1009762
12463
22985
25752
OEAOIUIIO
28268
13116
1012576
1022274
1023806
4877
1025877
AOUUEUOOE
1012840
1016578
18656
34603
19784
AUUAIO
1019266
1027658
1032158
1037736
32314
IOUE
27865
1023171
1030867
1031111
11225
14703
UAOOAUOO
1026614
1032528
1041962
1049581
1053870
43874
EIIUAE
1039392
1045537
57767
1052988
1062065
EIIIUEAAUA
EIIIUEAAUA
39766
1050335
1056029
1063169
28122
UOEIUOIA
35816
1050647
1051383
1058095
EOAEUUEEI
1050802
1052628
1054011
1056240
1061403
1069885
1072065
29481
1080812
22700
22297
1084997
23628
29481
1089630
4023
1097958
30884
10289
26781
1104762
34091
1109724
1114243
1122561
1124947
29464
9939
16244
1126833
41744
OIOAE
EAIEOIEAA
18656
OUO
1094197
1100130
48713
1101600
22092
19811
1109508
1117373
1122974
1127417
1136770
12135
AUIIUOUO
EI
53951
14450
14703
IOOUE
33869
1113558
1114552
43874
31514
OUUAEOEUI
27405
6992
42578
1101142
EAAEI
1098330
41744
1108325
1110849
1120810
1129321
UOEEEAEOUA
1105064
12463
1106982
12463
31058
1108352
EAOA
27865
2738
29481
0
1101974
1106752
1106820
1114685
1119437
1122239
1127691
50792
41063
58591
1135576
22700
22700
1137587
1146968
1147360
1149666
1152705
AEIAOIAUII
25411
46597
1129658
24897
1130539
1131849
24334
31759
IOUE
IUIIIA
1107502
1111948
38898
1120912
31190
AIEAUO
43597
EU
46273
1091137
1093420
38395
EIUIAUO
1076827
1086228
EOEUA
1092184
AUIIUOUO
1097397
OUEEIAI
22226
40339
1074915
1076514
1082677
29620
35957
18519
29481
1090292
1098319
1102664
1103381
41644
1109832
1113536
13993
1116888
33122
1121119
1124886
1129133
33713
32453
1136997
1143163
26349
1152302
48713
24716
34448
1153009
1157764
1164940
1173874
1175155
21815
31220
26933
1181853
11230
AOEUOEOEAO
30096
1181336
1190690
12430
34899
1193047
UAI
1182953
OUAIIAI
5517
1168406
28098
1168807
OOIIOOO
17616
1149487
1156064
1158463
EAEAIUUAI
26781
1158740
51625
39355
IUAIAIEU
AIEAUO
25114
15619
1133344
1137672
1138078
1140729
1146592
I
31753
1136808
1142565
10066
41063
26349
29481
OIOAE
33122
53027
84374
1144052
1146365
31753
22457
1151197
28160
11230
1159346
OIOAE
1157176
1166453
1166461
1170862
AAEAU
1162723
1168854
1177647
28160
AAOUAAAUOU
EAAEI
1156899
1160418
1161534
1170152
1179475
1180753
1187906
1188172
1196640
1204726
1205080
1213625
1218997
31292
35597
32049
14703
1219718
IUEA
1196681
1198107
62567
48713
39766
OEUA
1178287
1183341
1186407
1191097
9939
OEUA
24897
53027
1192321
28502
1196226
1205879
11230
30607
1212252
1218502
1221556
1225328
10322
29620
1228869
23166
I
21815
15593
30301
26085
I
1223431
1231732
1238641
60811
1245938
EUIAOOIE
37892
40339
1246350
1248870
1252697
1258072
1265949
1272174
1277124
1277885
1284673
12879
1288644
1290879
EUOEOEOIE
1277787
EUOUUEI
1278821
21773
1279337
1283393
1283583
EEEOEAI
34448
28787
12879
34091
1262816
1266236
1274149
1276443
1283307
1285277
1289967
1296215
1301843
1309919
12319
41188
1317117
14703
37837
1323346
1325364
1332888
1339708
1339864
1342809
EAIU
AAIIAIAUAE
1327696
9575
16995
14836
EIIA
18200
18519
24137
1308023
1309157
AUIIUOUO
1286739
1291915
1301235
IUEEIAAEIA
1302670
EAAEI
33790
47067
1274092
37837
1283497
AOAEUIUUA
1279848
19811
AIEAUO
17616
47067
1270483
39355
1270722
1278158
1286316
1295125
1298131
AOEUOEOEAO
33713
36367
AEOIEI
4877
34091
12879
1288737
32453
1294809
26044
1300140
9575
1304760
OAEUOEOI
UEUEOAIOI
IAEAIOEAU
10289
1240826
EAEIUOEA
33474
1237712
12463
1240211
65408
37925
1247446
1252007
1261755
58278
1270104
1270325
31477
29620
OOOOAEOUII
26817
1261225
1264708
IAAAUOUUIO
54687
1266305
36586
1270864
32097
1271147
IAIAA
1247639
54687
1257186
26750
1266442
1269817
2738
25411
1272304
1274681
33713
15593
1283040
1292529
33122
1293567
1303305
1308896
1310364
1313879
EUEUEIU
1286210
AOIAU
OAAIEUAUAO
29481
1260776
38898
30698
EUUOUAA
1250032
1255416
1257195
31798
IU
1238272
31058
1247502
19719
UAOOAUOO
58278
67946
27038
27891
AOAII
44350
16245
1225330
1231619
1239213
1246017
AOAII
37892
31563
1244530
O
31563
1225178
1227379
O
1232789
2738
1233762
30938
36586
1243069
AUIIUOUO
1228229
1231074
AUIIUOUO
22805
1237869
AUIIUOUO
65408
OUAIIAI
17616
1232601
81017
1233592
1240506
EE
IOOUE
30698
1192355
21824
EIUIAOAAAA
1170996
1179441
31719
1184555
26397
1190458
45042
36127
1195503
1196585
18656
1197393
1202535
1203785
1209724
1218135
OU
1215044
1215317
30708
1217085
32279
40657
42746
17704
1217677
1222856
1232627
1239117
1240136
1247612
EEEEUA
1234801
1240371
34001
EUUU
70263
1228159
1235429
17616
EUEUIUOIOA
33713
1221092
48629
1222547
1230953
1232826
1242684
1247667
1248078
AUOIAO
1224961
1233255
31798
33575
OUIOAO
42549
1224158
EIUAEE
1213851
EIOAIIOI
1214745
48631
1223463
53608
23592
37622
IEOAEU
IEUIUUEIA
1205840
43499
1214942
1218905
EIUAEE
32453
1205938
AOAOUOUO
1209698
1219666
37231
1224045
1231398
40339
1231706
18519
1240053
1249010
1249820
1255244
1256188
16245
13864
63639
1262881
41063
26227
1262904
21858
1263102
IOAOEAAA
1254828
IOOAOUUEUO
1240115
1244552
IEUIUUEIA
44604
28502
1238204
56903
1246112
35597
1252420
AIOO
2090
1244410
1253421
EUIAOOIE
1257209
1259553
52410
31313
2738
1267296
41644
33046
45615
40815
EOEIIO
1242791
1243150
56903
1252253
14662
IOEOUAIIAA
36127
EEUOOE
1226963
1233485
UAUOEEA
1224545
UAI
51252
1218489
OAAIEUAUAO
1205617
20141
44904
28253
1214662
EOEIIO
1193614
63639
1200813
1209300
1209651
1218929
16341
1221714
1222162
OEOOOE
1209516
1214184
1218146
1222261
1231860
46403
OEOOOE
1238184
1248054
46820
IUUIE
40815
1227319
32077
1235574
1241453
AAEAUA
IAIAA
1210439
1215452
46853
39766
1222914
EAAEI
EIIA
1196353
EIIA
1205363
1207984
AAOUAAAUOU
36367
1182974
1192224
1198941
1206406
41721
1214217
30807
1221259
46820
1224382
36534
1224866
1228214
12821
1232097
1234092
40875
38488
15720
1237999
46733
1245238
18612
45734
60381
25114
1251396
1258642
28859
1265936
1271866
1273619
1283455
1284291
20000
1289287
35597
54243
26750
1298854
1298911
80954
1308840
1309913
OEUA
1297718
1305826
1305938
AIAAA
34001
1286916
16341
1292455
34790
1295298
1301005
OAAAEO
OAAAEO
48895
42622
1283882
AIEAIEUIE
1278953
1285174
52993
43499
29270
1291163
41721
AO
28449
1274485
1278037
1285817
1287188
37088
39850
1293220
1294528
1295627
1296075
1296820
36405
1304709
41603
AAEE
1290681
1290751
AUIIUOUO
37308
26914
19400
1287380
1291549
34327
1292719
EIUAEE
14398
1264060
1273985
OUUAEOEUI
AUUAIO
14836
29684
1261541
30938
1266032
61839
IEOIAOOUOU
1254861
1260339
20000
42622
49276
1260402
16341
1260928
OAE
1258770
OAE
OAOO
1235330
OAOO
33713
1237817
1246412
73809
48895
1251494
1251917
26914
1253190
EOEIIO
1256620
31104
1265578
17413
1271540
AUI
1267597
35559
16398
1268471
56903
49669
1273219
1275651
39533
1282140
1284947
UOEOIUUU
1272423
1272521
1281794
27038
34695
33655
49717
35746
22193
1287046
27038
25254
15001
1296958
33713
1305658
OAAIOIO
1304747
25568
46496
34091
1309194
21824
UEEIEUOOOI
1287215
35597
1288742
70706
60977
EEUA
1276972
IAIAA
1257292
1266240
AOAOUUUU
1249096
1250403
45875
1256662
2090
1266055
IU
1267989
IUIIIA
1271062
64634
1275908
21538
32641
IUIIIA
48788
27190
1276104
IUEEIAAEIA
1268610
1270471
1278103
37058
44350
AOAOUOUO
36127
1270090
29476
40671
IUAIAIEU
44252
28502
1266134
1272396
31058
1280369
1289436
49717
1298224
1307873
26914
1311159
26184
EE
AOAII
1282397
26184
1292212
1301556
1308048
1310206
1313428
1315288
57837
35559
1324734
1332236
1333725
1342851
40875
1345897
1349944
25581
UOEEEAEOUA
AU
25581
1330732
1334054
38335
1339236
34001
1343393
78876
1345070
26914
AOUOAU
9733
1339411
66606
36840
1341887
22759
1347623
1351293
61666
1353952
1360163
10150
AOUOAU
1368455
60977
1369245
37036
23227
1373502
1383251
1385874
37088
1389425
1393524
1395083
AOUOAU
EEUA
1378442
1386186
61342
UOEIUOIA
25581
1359743
1362586
1368340
OEOOOE
1357667
33655
1363421
1370265
1375416
AOUOAU
37308
1361021
1364955
43499
1374859
AOUAAIEAO
1375278
UEEIEUOOOI
45556
1365144
57837
1372032
1379909
1384934
1390135
1397055
1404226
1413625
52307
1414197
AIEAIEUIE
1407593
1408698
1418571
1424781
2090
1424990
1427152
1428649
34014
41728
28859
1430677
AIEAIEUIE
2090
25568
AEEOIO
AEIAOIAUII
1399137
O
1382785
EUUU
43499
1383789
54243
1391163
UUOAA
17413
1373104
53494
58915
OEUO
40631
1353544
26184
42458
1359458
1365353
1367719
EAAEI
23227
UUEUAI
23227
52216
1340502
25581
1348406
36405
1349088
1354902
UUEUAI
1358918
EEIAAIU
1352056
1358628
1362156
1368064
44528
1375327
1378216
II
31190
52540
28859
16903
1353749
1362320
1366095
38897
18088
AUI
37308
43499
23227
1361677
IUUIE
1338548
1339727
37088
1347029
60977
IUEEIAAEIA
1329080
UEEIEUOOOI
1314214
37991
1318011
66933
56903
44904
41338
1325736
1335001
74731
1336741
1344387
9954
AAOUAAAUOU
1320956
38395
AOAOUOUO
1320992
1326070
1330751
1335083
1342621
48910
13116
37036
1346084
27203
1346914
32454
1356174
1363921
16903
E
1357043
25581
36840
33713
1357216
AOAUOA
1331807
1333133
1335137
21540
1338220
30420
38898
53494
1342598
9954
1349821
45874
1352394
1356848
1365079
1372100
IUUIE
14836
28859
1371792
44788
1374908
1379040
1386277
1386717
EUOEOEOIE
1373599
1376674
17413
35030
84699
1376984
1378729
62327
AOIAU
1373357
1380156
97877
59402
1383930
51105
EIUIAOAAAA
71327
1365101
51023
37088
14398
1370840
1372245
1378765
1381960
1390545
34001
1396427
1402040
57261
45548
1409827
1417643
42050
45398
72647
AAIIAEEA
1390332
AIEUA
43499
1365709
19719
1369458
1376051
1384617
1393383
29463
1400998
1410939
1416490
1426124
1429378
46853
18088
1439246
AIEUA
42736
1431936
1440293
1443768
1446818
23422
UUOAA
AOAOUUUU
UOUIO
29481
58229
1403700
1410618
1413944
43666
EAEIUOEA
1405357
48910
38498
1413993
35980
1415905
1418989
41768
1422584
1431579
38311
27170
1432235
1435010
62675
55802
1443857
1448124
1452467
1459450
1460948
IUEA
7269
41768
1462127
UUO
55284
1446123
OUAIIAI
1437276
51105
1446644
35030
1456493
43499
1460180
1468212
1475841
EUUOUAA
20000
1471783
1474349
25247
27170
1483253
72747
19719
1488318
34001
1497233
25247
44658
1506433
72647
IUIIIA
56694
57261
IOOAOUUEUO
1481083
1486612
EEUOOE
24253
25247
1472645
1476435
UUIAOAUUOE
1470796
1470839
22709
1480509
EU
1480892
1488232
55206
1491684
16245
1493414
52540
1494893
42549
1503916
1508072
1515423
1520547
1524305
1528847
IUOUIUEE
1522105
40983
1525482
O
1517720
1519960
27203
31058
66939
20141
51105
1529813
AUIAAEOI
45319
1505802
1510165
1513642
1518852
38543
43666
1523887
43521
1531012
29014
25568
1536274
1543818
IIEAEUI
89921
1536564
72647
1544591
1547042
1553251
EIIA
UEUEOAIOI
29270
1522252
EOAAAIO
1501500
EOAAAIO
1502870
1509610
AOEOAIE
AIEUA
1474358
1476741
1480371
60977
38249
1486009
1491912
27729
IUEA
46480
AOIEAAEO
AOEOAIE
IEIEE
IEIEE
UOUIO
55085
1440593
39633
34022
52540
16341
AEEOIO
53494
OUUAEOEUI
1403991
1410522
OUIOAO
1407836
OUIOAO
19719
1416084
1424298
1430346
1437530
36123
40815
1437602
1442795
1449741
55802
1455400
7269
1461787
UAI
IU
1450502
1455224
64374
1465118
25247
1473921
1481517
1488225
1495770
58915
102890
38249
1499528
EIUAEE
1502684
1510909
1512377
56464
43747
1513143
34022
27170
58229
55327
1518880
1527228
EIUAEE
72747
26397
1523753
55836
36996
24744
73323
EUE
1506793
EUE
58915
1508260
1508916
1515504
IEAE
IEAE
16245
1504695
1505248
30420
1511665
49369
A
1501263
1509697
1516142
1519150
26397
41116
1527526
1536066
54700
35206
1543092
1547869
61850
66939
27170
24253
1555479
AOUAAIEAO
1548163
1557635
37775
1561563
88659
1564332
1570862
AOUAAIEAO
1574606
IEUIUUEIA
20141
45524
66939
1559899
1568351
1570029
1571131
1574291
1581156
1586817
58234
73809
1588069
1591957
1601329
1601568
55327
1609893
29270
1614399
1614621
1622705
43666
1629729
1632847
1637793
1643365
IEUIUUEIA
44297
1641040
1647002
1651149
OAEUOEOI
66694
1643490
IOEOUAIIAA
1634980
64374
42443
1644844
63517
1648763
1655022
1662700
1669447
1674014
1675259
AOU
34822
IUEA
1653041
IEIEE
20141
34022
41338
17413
1644056
IOUE
1631792
20671
1638565
1640983
58915
AAA
UAIAAI
1608994
1611646
88659
UAIAAI
45488
1616365
1622865
35304
34010
52216
56420
1627174
1628151
U
37775
1601895
1609259
1616971
UEEIAOEO
1606934
40631
51753
AOIOOOIEI
1591573
45548
37775
EIIEOAEUE
1590941
71327
1599306
1604293
1604685
73809
22279
1611166
1620736
1624453
55206
IU
UA
1600682
74676
1604764
AEEOIO
41338
1598398
62327
48910
32566
57314
1602921
AEEOIO
7269
51690
45615
1606880
71327
1609214
43666
IIEE
1598692
1601046
1610920
1616326
1625702
EI
EUEUIUOIOA
19171
34066
AAEAUA
1577322
1583906
AUI
1570970
1578228
EIOAIIOI
1554935
1556794
29476
EAUAUEEOA
1529189
56508
1539077
1547117
48159
23595
1556345
10446
23595
37775
61850
1557007
AOIEAAEO
55407
1530882
UOEIUOIA
30808
87542
26397
54966
20000
1512457
IUOUIUEE
EOAEUUEEI
1488150
30865
1491955
1500168
A
1498662
48895
1506788
1516303
14836
1519966
1522472
55206
1524978
1532987
1541130
OEUO
1546839
AUI
57580
51631
1538201
OIUE
EEEOEAI
25568
1498511
1508144
1517601
OAEOAEO
62327
49964
OE
IOOUE
1480850
OEUO
35304
1464436
73827
1472422
48252
1482142
1488845
AAEAU
1485571
AUUAU
AUI
1454386
1459625
1464985
1469999
1474954
1484185
48252
1484750
1486368
IOEA
EEEOEAI
1459114
1467587
AOAUOA
1457388
79418
1457806
1464371
1466716
1474892
23227
49964
1480659
1483144
1492034
33696
1496299
1501882
49964
39077
73915
1511876
57624
IU
43708
31376
49149
1508888
37476
1510186
1512576
1514365
OEAOIUIIO
1507848
OEAOIUIIO
20000
69592
42552
55037
1498197
1500274
29476
26896
1506425
35319
48252
1511234
1513712
1514676
62327
UUEIAO
45524
51104
1506970
UAOOAUOO
32879
1477341
58856
1481115
IIEE
AOAOUUUU
88969
AOAOUUUU
35304
IUEA
IOUE
1389343
35319
1392564
1400450
IOEA
1384752
1389648
73915
1390995
18555
39077
1395284
54179
29213
54966
1403236
40096
29213
1410194
1417362
37088
40815
1418293
1422672
1429605
1433766
52970
EOEIIO
55836
UAUOEEA
1385906
1390334
47833
1392516
1392619
OEUO
1376907
72559
1380928
1382874
54023
1387868
22368
1393248
43099
1403080
1411670
26264
19719
37088
EIIUAE
1401818
1403260
57624
52322
24245
1406634
IEAUEEUE
50894
79202
EIAEUAE
1370941
1376266
1377110
72240
1386753
1396753
1406089
26896
IAAAUOUUIO
42360
45558
1397569
1405739
UUOAA
1385807
1388367
1393642
1401686
48159
1409337
1413790
49235
1420036
24245
48369
1420067
1422561
1430960
OAEUOEOI
52442
1402007
1402749
1408848
1417967
1424674
1425320
1434577
66483
AOAII
54179
102506
1408058
29476
1414216
1420291
1422124
111960
17475
UUOAA
1413184
1415814
1423031
1426346
OAAIOIO
36037
1411721
36037
1417262
OIEUUEUOAA
1419205
1422348
1423627
1429940
1439004
1446729
1448427
1455218
60869
29754
37369
AAIIAIAUAE
1445866
42212
49235
52970
73323
1454128
UAEUAAAUUU
1441642
26397
IIEE
1426718
22368
39182
62055
EEOE
1420877
UAIAAI
62496
29754
1404895
1405863
OAE
55206
1384750
1384808
1390865
1394820
1397098
1405296
EIIUAE
IIEAEUI
1378425
1380957
1384858
48760
1388880
1397662
1407516
1411739
56657
UUO
53095
42552
1405581
57970
1407137
1415440
1416654
18466
1422687
1431269
1438395
1441587
23550
1448822
1452474
1459821
EOEIIO
119275
47884
UUIAOAUUOE
62058
1417642
1422161
1426677
57624
31931
55521
1435520
1440605
1448375
50169
1451540
55206
UUIAOAUUOE
1452499
UUOAA
46477
1448127
1453496
72240
1458195
44297
62327
1464320
1472048
IEUIUUEIA
41791
1462608
48159
EIUAEE
1442129
1450280
86246
IOOUE
1437265
45589
IOOUE
1440724
1443618
42552
41791
71759
AOAOUUUU
45589
1421925
1423624
1427398
73323
73021
1429751
1435113
37476
1439582
AAOUAAAUOU
92181
1413021
66440
AO
1407674
1414294
1415064
IIEIAOIEI
1408480
1416326
1416428
69592
OAAAEO
1392297
EUIAOOIE
27072
1376746
UEEIAOEO
UOEIUOIA
23843
AOAEUIUUA
AOAOUUUU
1306470
1316200
81290
1319458
AOAOUUUU
55270
1320126
48159
69592
51027
52970
EEUA
1297574
61932
1306081
84044
29213
IU
67130
81869
77600
1310170
1312527
UUEUAI
81450
1316660
AIEAIEUIE
1300681
AIEAIEUIE
1299747
AIEAIEUIE
55206
1300474
48569
96793
81247
1300766
1303799
1312799
1314968
1317637
1319574
58234
UAUOEEA
OOIIOOO
1306536
1310068
1312500
IIAUOIUO
1284462
60722
20000
UOAAEEE
53129
50894
UOAAEEE
1254679
1263471
1269200
1273261
1280789
UA
1273196
28544
1275592
72240
94781
1284412
50742
1288912
1295811
1303140
26495
1307529
1316136
IU
39077
UAEUAAAUUU
1291009
1293907
AEIAOIAUII
1282494
1287723
1291999
41338
1293203
1293427
49964
1296468
26495
1298618
1307692
50169
58832
26884
46978
40539
1308375
1316445
57824
58234
1317420
48369
97861
55206
53038
60135
AIEAUO
1298595
73915
26319
1304490
1307456
1315314
1319299
81247
AOAII
AOEOAIE
46978
AOIAU
1288522
1289185
IIAAAUE
26495
62451
1281115
1288522
AOUAAIEAO
1285482
1293208
81290
1298446
1306153
1311524
84044
AOEUOEOEAO
44286
1298862
60496
1301749
49396
69592
1308313
47922
OUOA
1296317
1300159
1308602
1312798
IUEA
AO
1268725
65265
UAI
1248284
OEAOIUIIO
AOIOOOIEI
41307
1208015
1209845
53038
50894
1212441
1221322
AEUUEIA
55168
43235
1201716
1211222
AOEOAIE
65013
1200739
63398
66317
57402
55270
AOEOAIE
1207356
66317
1208329
1214003
1218297
44630
1223325
49964
OUOA
1200579
UOEIUOIA
1185218
46867
64583
1194685
57970
1196554
1199733
1206864
UAIO
1200968
1203384
79007
63393
1212852
40539
112859
1213367
88969
44630
1222658
1229699
1232847
84044
1237341
51753
1245425
50742
81247
58690
1250512
1256732
1264797
78589
41903
UAIO
1265621
O
60135
1268002
62496
43747
61850
1276941
IIEIAOIEI
40237
1257851
1264105
1264672
1271753
46867
72144
1272305
EIIUAE
1255006
65037
73705
70963
1258268
1261316
1270912
EOAAAIO
49196
1256790
1259432
1266885
59402
87601
1269558
1271640
AI
1257116
1263793
1268776
60135
1273091
22225
EIIIUEAAUA
1268273
1268813
1273742
1275796
68874
67498
1276815
EIIIUEAAUA
129156
1276224
1278933
1282601
IEAEIAEUE
39335
1281541
1281922
1289686
1298926
1308330
1309627
1317928
UOAAEEE
63398
101346
72144
1315598
1324491
1327386
UOIO
1324503
1331406
37121
1333834
47922
1337089
48012
1338574
1340444
53129
1343226
AIEUA
1327902
1332776
1338950
41452
63398
67369
60494
30345
1348391
UUEUAI
63393
1342839
1346104
34768
1355370
EU
1332608
EU
1331976
1336083
EEEEUA
57402
IUEA
54019
1315682
55690
1318398
1321644
1325058
1331405
1332247
1333753
96120
1337070
1346192
1354783
61850
AOAII
1356287
1361162
1363142
56949
1372273
1372886
1375341
35304
50169
1384865
57402
1392575
1401996
59197
35233
1406574
1416211
1419179
1419579
50894
66765
AOAII
1424233
18555
74540
28544
31473
AOAII
1425631
1429286
30345
73674
1429777
29274
1431055
1431922
62340
39335
1439130
1446938
1456808
1462673
1468099
1474614
42092
64646
1478325
1483359
1484986
EAAEI
68460
1472211
1476978
1484761
79007
78778
48425
1490038
1498446
1506110
53460
1512919
1522159
1524988
52070
1534232
75914
1542056
1542995
68460
29274
1548870
1553019
102071
1556039
80753
56991
1561806
1565531
UAOOAUOO
1562528
AUUAIO
1568025
54451
1576288
1586197
1590324
1600193
30046
1606002
30923
1615907
53129
1622673
1629277
52605
39551
1637691
75914
1646459
1649359
IOEA
30046
1629976
47922
1634038
1634701
1639238
139156
33378
EEUOOE
55627
68875
50742
1625723
1630981
52692
48760
1635983
1641722
1644143
77092
1645259
1652115
1659305
1663338
56949
80753
1670411
1672943
54451
1679334
1680606
84429
62496
1690057
AIOO
II
58234
1646866
1654394
1656222
70483
1661060
51716
1666029
UOIO
18555
36391
OUEEIAI
IIEE
1604751
1610286
84429
1618402
47922
52907
55690
AAA
1607457
1609893
OIOAE
1588861
OEUA
OUEEIAI
1570390
55627
AOAUOA
1560371
UOAAEEE
1541337
40237
1550433
1555218
1564451
1572581
1573919
90357
1575318
55627
1577583
1577600
52575
1583884
IEOAEU
56657
96793
AOEUAI
36391
1556301
1559627
58766
AOIEAAEO
UUO
1548882
66679
1554380
1559837
1564363
1574077
23188
28686
75914
UOEEEAEOUA
39551
1573547
45129
80523
1581669
80523
1582623
EIUIAUO
143057
48581
1573335
1578852
80688
1580179
1584378
1591776
1597053
65252
41452
61932
66679
1599801
52070
63382
1606358
62388
1612012
58882
EUEUIUOIOA
66740
61666
28417
AOUOAU
48760
62340
UEUEOAIOI
1587416
66740
UOEIUOIA
1589637
AIOO
116273
1588090
39551
1597166
1603898
1611304
1615663
40237
1619766
1627088
1634626
31473
1641469
51716
56991
1642923
64220
1649248
AIOO
50894
1652325
1659111
1664164
AUOIAO
1666624
1674031
1675406
1679550
103627
1683328
1689430
1697837
1704602
97559
1708727
83554
48667
1717412
74933
1719983
OUUAEOEUI
OUUAEOEUI
74371
57516
1716737
53129
1725964
OUUAEOEUI
AIEAIEUIE
EIAEUAE
U
1670694
1673278
1675579
76091
EEEOEAI
EEEOEAI
O
1633020
1637535
1641073
AIEAUO
1630661
1631641
1640722
EEUOOE
IUA
IEOAEU
56949
41389
1578518
58882
61932
37468
66130
1578687
1584500
91923
95745
EAAEI
1579240
1583378
1583609
76091
69992
1587530
65955
1588169
IUUIE
1575326
OAAIEUAUAO
76091
1577305
33764
IIEIAOIEI
42092
1570684
UAOOAUOO
1560149
II
1548905
1554989
1556786
1563369
67498
OAAOIEA
69578
OAAOIEA
70483
1550285
1557354
69578
66138
45354
IEAE
41338
1540127
83554
48581
1542529
41452
1546079
63382
1551893
I
31296
1543065
29274
1549961
61666
1558674
EOAEUUEEI
1554684
81083
84429
1556865
55168
93105
1557008
87141
18555
1564033
EIUAEE
31642
1542078
1547130
54619
1551500
UAI
1537825
1544585
73030
62787
1551003
IEOIAOOUOU
1548319
59244
1551345
1557647
69992
97559
51194
1566017
95745
1566578
63792
28686
50894
1572912
31296
1576659
1583398
64220
35716
1584666
1594466
1594689
1595397
1601726
1603177
115786
64606
1609217
1617713
1627075
1627826
57711
48095
1637455
1647412
1649884
1655908
83554
58474
OAAIEUAUAO
IAIAA
IAIAA
1638378
UOEEEAEOUA
87141
1626485
1633225
1639903
IAOOIUUOIO
1646196
1655756
1663254
1663828
1666856
OE
59244
1648934
58474
AOEOAIE
1639595
OEUO
70534
1624113
1630731
74773
150561
1634201
1635379
83554
1636094
103627
UAIO
61666
1618064
54019
UAIO
1618231
1627118
1636423
AIEAUO
1632756
1633191
1641774
1648178
32566
1656133
83554
AOUAAIEAO
59770
1655308
66740
111757
50894
IE
56657
1636146
1641590
1648561
1653205
60496
1653307
OOOOAEOUII
AOAOUUUU
OEUO
1613128
1613550
87601
76570
IOOUE
1597675
83554
1605130
1610225
38764
EUOUUEI
1607767
66004
1608734
84429
59244
1613843
1618248
28544
1627660
40667
33764
1631807
AUIIUOUO
83335
1610537
1614534
1618239
AOIAU
51194
AOEUAI
1599715
IAOOIUUOIO
62398
1596619
64220
76570
IAOOIUUOIO
1597361
1607127
42092
88203
1613558
1622633
1624698
1631615
40237
1639478
46684
1641562
1651224
1658273
OEOOOE
72735
1657363
67498
1664058
1671622
68553
1680782
66088
48667
37468
1689826
1691646
123501
1692772
67350
40237
AOUAAIEAO
IOE
72735
38079
72460
40237
IOE
1653190
1653711
111757
1659497
115786
38452
49827
93691
37468
111757
116273
49827
1664110
63710
1674045
1682944
AIEUA
EIUAEE
1650718
92257
52692
57907
1659582
1666056
1674228
53230
81290
49827
1674551
1675597
1683713
OAE
1669594
AOUAAIEAO
32566
1655276
1662220
1672145
1673231
37468
67498
1680814
1682675
1685784
1688657
1696570
39077
1698717
1702805
1710687
1716920
OAAOIEA
67498
1693111
AOAII
1686039
1689447
1696169
UOEEEAEOUA
74468
75517
116273
114053
71626
1675337
IEOAEU
1678178
1678790
IUEA
IUEA
38452
1674972
1679352
67498
66130
1684132
1688337
51287
IAIAA
52070
1679708
1687926
58882
AIEAIEUIE
1679339
70044
1681913
66459
1690552
1691748
OUIOAO
1681062
1684951
1694579
1703804
1704158
1711586
OEUO
1708841
OAE
1711919
56949
1716654
1718503
1722810
AUOIAO
39077
1716016
1725827
1733834
IEOIAOOUOU
41023
1741041
1741602
74468
1748450
IEOIAOOUOU
1744983
88488
