0
2110
0
0
0
UEOOE
6218
6344
0
13220
16006
AEAEUUUO
3142
0
AEAEUUUO
9428
0
13473
0
OUIIIU
0
OUIIIU
0
7426
16247
23674
28524
30765
40180
0
43009
50520
54252
0
60188
60274
64615
69936
78213
88030
95482
0
98236
0
0
102452
0
108237
EAAUA
90150
98130
99982
0
6876
107742
0
0
116304
118605
0
122779
0
0
UAIIIUIEUE
AOA
0
84980
0
85134
90703
AOA
0
0
95096
102370
0
0
0
109674
114286
116530
117605
3732
126941
0
0
136809
0
AUUEUUOAEI
117563
119116
125091
132608
137925
139151
142600
0
143156
148663
6653
152373
UAOAEUUEAU
IIOIOAEAE
120271
0
0
IEOIOAEI
106069
106220
OAIUUAOI
UEIOEUUI
0
91340
AIIUOUIIU
0
71775
0
77393
UEAIUAIUUE
67090
70079
71495
80213
84951
0
92267
97724
0
102021
0
108283
110500
0
113615
121725
0
125496
0
AEOOUUI
0
UUUEIAOIO
100540
0
103634
UAIO
0
OEOAOOUUAI
92836
0
0
0
99025
0
EOAAE
EI
73253
2829
76614
81249
0
83769
0
8821
EI
81014
UAU
80224
89834
92596
97908
0
4216
102557
109039
2286
IIUUEEUEA
0
IIUUEEUEA
112219
122191
127859
5507
0
0
0
2110
0
8718
0
131433
137871
138339
EEAIEIIOOI
2989
130384
133145
138798
IUEEAAOUU
4612
127741
9138
127898
IUEEAAOUU
131710
135349
141199
148773
150329
155597
156778
6753
0
0
IEOIOAEI
0
134168
AUOAE
109240
117644
0
0
119407
0
127796
132514
135092
136725
142439
145309
2520
0
2762
0
3094
148819
AUOAE
0
AAIA
0
144411
145226
151088
160733
EAAUA
148841
0
OAEUEOIOO
0
9548
125349
135220
139648
149195
151408
0
159655
OAEUEOIOO
1226
160577
164869
174359
176054
184547
187122
195937
201919
0
16823
205566
211880
0
0
EIA
188657
190404
OEIOA
0
168114
173859
182158
0
6189
191628
191882
200639
206878
126
9328
208567
212361
217088
224999
226339
2217
232885
235697
0
241084
244050
253802
261460
265543
OO
247308
250393
2761
252501
252930
255166
0
0
257451
262955
0
IAAIU
243421
0
15816
3449
248935
7316
11141
254878
8323
IAAIU
0
IAAIU
228211
0
0
237119
241041
0
AIIAAEEA
9052
8415
EIEOIEUIEU
UUUU
1556
0
191760
197551
198684
0
6438
0
204404
0
1556
205961
UUUU
207979
215738
6653
8562
8323
0
221630
0
14981
UEO
9276
0
201434
AEEEEEAO
190884
194136
197334
IIUUEEUEA
173039
180117
OEI
0
EUEEAAAUI
167964
UAAUA
13679
155399
156838
163612
0
173042
7980
173151
1556
178081
9052
8299
180289
183505
0
9070
185219
7760
186242
2578
9868
188041
196165
201126
19209
201975
208624
217403
0
2575
UUUEIAOIO
194555
203415
204986
205746
4947
213305
217861
AIOUUAIEIE
10756
EOIAOEOEO
176037
179321
UUOAEOIA
169338
0
0
172552
182168
185002
0
188699
198230
8961
OE
AEAEUUUO
178835
186492
191003
199853
AUIE
UIAOAUUIO
4003
552
1075
11049
159136
UIAOAUUIO
0
157
155449
19516
9548
165045
0
172003
173393
174567
EUEEAAAUI
EEAAEUIIE
163175
165074
EIAOEEEEAO
EIAOEEEEAO
5942
0
137625
A
136842
142578
143307
AAEIEI
552
5942
146139
155998
0
158256
166377
176275
7280
176644
182794
189623
4947
193263
17608
UOIU
OOIUIO
0
0
AUIAIOAAI
128171
EEAIEIIOOI
UO
17608
0
74170
5856
8474
82554
92311
1883
3562
0
IIOAEE
82171
85567
87981
7044
0
UUOAEOIA
71034
4003
16823
76036
2989
5147
6876
76879
81683
IAIAEOIUO
OAAIEIEAE
6700
0
OAAIEIEAE
UUUUO
9077
14118
12592
20337
0
0
12592
24609
1451
27287
UUUUO
0
36793
IAO
27778
13250
37011
45865
49501
49971
0
OIA
5147
9336
7511
0
29334
36441
7759
9700
0
19516
IAO
38572
17547
38823
0
0
126
AIEOUIAUO
29469
7511
18244
9336
32123
36333
0
5943
43615
51052
4297
51300
2834
5880
13679
60620
62143
66244
UOUEEAEUOO
41064
49137
5147
6753
56064
65475
69959
5507
72489
73622
75072
5880
EAOIAUOIIU
60410
66445
18686
76300
0
6950
7511
80178
82494
0
91098
0
21715
97501
106683
AEEEAAOOO
6653
92290
IIOAEE
9470
8328
79631
82275
82610
91444
AIEEUEEEAA
0
IIOAIUA
58367
11756
65975
IIOAIUA
1450
73278
80416
84813
4003
90312
93862
EIA
11049
7641
85336
IAO
EIUAIOUEI
0
53651
UIAOAUUIO
38352
44741
52405
59144
UIAOAUUIO
6950
6653
AIOAAAUO
11079
61138
3922
61284
67464
4484
70772
12592
80084
0
83979
8009
5507
90165
97133
105243
114701
12315
AIIOAI
10767
IAO
92523
95318
101091
108306
116727
122344
131589
137731
146468
IU
138461
9716
143860
151897
OAOOIAEAOO
134839
1226
135687
AEOAOEAI
12019
133554
40469
137436
144760
9336
146836
AEEAOUUOU
5943
UIOEIIOEAU
2761
123166
UIOEIIOEAU
124120
4961
128872
3259
132769
138309
142032
148722
19209
8757
158098
IIOEAIAAE
143530
148803
158279
164262
0
169985
0
178384
181010
6653
188026
10859
190095
1270
193328
194901
AOUAOIAEA
8328
176051
185554
8869
191142
IO
21689
11672
184634
29323
190398
192896
11160
6739
202460
209736
218225
220148
0
EAEAIUUA
19366
199198
6189
IEIEEUOOAU
3308
195712
15507
IEIEEUOOAU
16919
6753
15665
11968
197276
EO
7592
UUUEI
0
171318
0
180188
186853
186934
UUUEI
0
185972
195018
197057
18987
203868
204941
EUEEAAAUI
202148
209525
5447
209777
217324
EUEEAAAUI
224888
234648
244506
248362
9107
0
33221
11049
11816
252902
262307
267554
271387
17547
EAIEAOAAA
258007
10756
126
259299
3562
264068
273100
276970
EAIEAOAAA
5943
11031
278094
17178
278220
283651
UIIAOUI
13250
263435
UIIAOUI
262529
267890
273997
281630
11968
8815
286824
293375
6717
0
299991
307700
317504
320283
321210
322106
329698
9336
338013
0
3308
UIIAOUI
338984
340343
6717
IEOIOAEI
326239
334681
335568
341084
349241
19038
EOUE
344005
347901
8869
I
335348
340365
6653
347167
OEAIEII
9902
IAEIEUOOUA
19357
4003
315231
318768
IAEIEUOOUA
2520
IIOAEE
9320
8854
8869
5184
311703
7525
316830
9294
9252
320075
323084
IOO
17178
311848
319347
UEAIUEUAO
9133
302373
UAOAEUUEAU
302336
311339
318983
322801
9700
331796
341167
8328
348466
33987
11672
EEEUEAUAA
326647
OAIUUAOI
319543
1633
321137
327178
329676
6876
EEIOEAII
318461
EUEEAAAUI
7874
298187
302312
308355
309846
OEEAUOIUIE
301614
302940
EUOAIUOE
21000
7874
5507
0
306362
311982
19785
317519
325239
9252
UEO
322186
4540
AOA
321461
326411
AOEAE
6717
316123
16919
322773
331555
9760
337931
344844
1073
351161
359129
359649
362388
371396
373239
AEOOUUI
354896
356765
366397
376396
0
4003
380765
386955
389243
398297
10359
401657
404267
EAOEA
400191
405860
IAEIEUOOUA
18728
399421
404124
406975
OE
404147
413722
421733
431646
433677
433972
441863
12494
449342
450294
456327
AAUEEOEOOE
UUUEIAOIO
EAOEA
AIAEOEUI
386926
394256
UEEOEAUUE
386628
15507
22583
393756
I
0
385893
393113
397356
397771
400726
9961
408749
7525
OO
404979
414196
415350
AOOIAAUAO
19254
4739
403915
404853
412390
EOIAUUOEUO
6107
14744
EEAAEUIIE
377875
380270
389816
18553
393275
400090
IOIOAE
5911
391143
11963
401062
409753
415747
420982
5911
22583
IOEOEAUUO
IOO
397452
398131
UEIOEUUI
387259
392907
393373
399782
404090
413788
422658
IEIUAI
418281
17410
7511
3284
10756
26135
7511
423948
IEIUAI
419250
16919
426867
12817
6717
6739
429858
435180
AAAEOOIAA
14744
410968
IIOAEE
400592
3759
43714
402504
402533
9716
409876
7825
21119
9830
A
IU
385581
17401
AEUEOE
372335
376425
385913
391179
23633
25786
UEUEOA
6950
371906
0
UIOEIIOEAU
19038
21235
357095
365962
371405
8073
375231
0
379807
380984
388111
396272
399660
9107
406828
408160
413314
413481
415479
424109
0
429716
15341
0
431809
8073
AUIAIOAAI
422330
6700
425367
8315
431540
436876
15893
441386
442139
442911
23206
443024
9544
UUUUO
UUUEI
11077
432066
433490
433919
437313
7525
439995
8231
OAEUOEIUI
431995
437249
10635
22044
438055
447741
0
455442
OAEUOEIUI
458316
464438
11723
471407
AEOAOEAI
461063
465506
6717
473785
474686
474891
478732
10459
485498
4942
494449
497622
18102
OAUA
491082
500205
UAU
504852
513152
29223
518438
524376
UAU
521951
530831
UUUU
516076
522077
11049
8678
527920
3227
AAU
518739
AAU
OUIIIU
13858
15221
509861
11079
512191
18579
8703
0
12885
514990
13138
4540
43714
24488
2626
24640
521963
529069
538524
1073
AAUEEOEOOE
19254
535762
544003
549182
555957
10613
565928
570086
577114
8073
38381
578140
EIIAEAUOE
566153
9470
575170
580245
18036
5942
982
UEOOE
46862
26501
558166
28404
560523
UEAUAO
545078
545592
551940
555857
8318
22433
EEEUEAUAA
539274
IEIEEUOOAU
519295
18133
EEIOEAII
502215
IIOUIAAA
492238
11776
492660
499258
503903
505675
514907
EOEEIIEIU
501131
5507
35192
510297
510703
515775
517207
521224
0
0
15263
7664
524472
524588
526349
530366
OEEAUOIUIE
0
509210
4942
UAUAE
489918
UAUAE
467967
19322
AOOIAAUAO
462796
464650
14927
AAEIEI
440074
445148
IEIUAI
AEAEUUUO
416124
425167
434885
22044
4739
7617
9919
436321
3284
24067
29223
440038
AEAEUUUO
445124
AAUEOIAEO
435643
14501
4942
22044
440716
441047
7044
24333
447081
4003
449687
458756
21000
460160
468959
9830
476939
484741
9294
488277
13682
492795
502677
9744
504536
UAIO
493052
U
20481
15221
20481
3085
492573
AIIUOUIIU
8228
492992
496448
8318
504513
22939
512632
16311
IIOAEE
498554
498917
EEEIIOI
EEEIIOI
12194
489083
494812
503752
513550
513813
516776
521886
17547
523947
0
OIOU
52469
18728
OAUU
7078
501266
502858
UIIAOUI
24640
9700
499572
502579
510376
IIUUEEUEA
490425
UO
21235
481143
23633
484928
485250
493879
496447
16311
OUIIIU
E
476779
481061
24333
482373
488989
495395
0
499036
IIEEAA
495307
EIO
484787
493847
49048
498819
500419
21362
15341
12194
505966
515478
521513
10359
524335
530606
535903
535995
542253
550351
556583
9744
562441
21185
EEIOEAII
554157
557056
16275
565058
570048
570993
571557
OOIUIO
UUUEI
553893
562290
569046
IOEEOU
EEEIIOI
8552
561974
10195
10635
28007
EI
551666
22220
561363
565954
568395
18133
572090
579618
13064
580970
13858
584993
UOUEEAEUOO
578609
13826
581295
UIIAOOIIEU
574233
580689
9744
581578
14732
590652
596331
600064
252
21185
9830
IAUIUIEE
592357
8041
24999
6107
601128
601174
607220
6107
612134
IAUIUIEE
IOOUEUOOU
5921
6557
13250
595869
602589
603703
32682
608197
613156
616414
620602
3449
629879
10081
633405
641270
17451
3233
AUUEUUOAEI
10459
OUI
17761
15263
609166
9961
611648
617002
12319
12235
20936
0
621147
0
41461
626131
628616
17306
629692
32682
630046
634063
634682
640564
UOIU
625638
631515
14733
636591
25359
641317
642661
646016
AO
626367
628114
629378
4961
AO
6107
630026
638255
641637
OO
10613
4017
25359
628462
629483
OO
631679
21235
IEAOIIUIAU
7220
OEI
605479
610384
13250
614938
13858
618749
627728
AUUEUUOAEI
602939
612907
UEAIUAIUUE
591685
AOOUEEUEE
568754
26418
576002
EU
557326
22220
21471
565254
17791
29072
IEIUAI
558134
564772
30379
572645
UAIE
559297
567351
569686
UAIE
EEAIEIIOOI
17113
546966
AOUAOIAEA
528538
532632
534095
535049
544591
AOUAOIAEA
18800
541774
4739
542010
548746
18553
556410
IUEEAAOUU
UIOIIU
13858
23212
524688
532018
17791
20080
UIAEUAAUOO
13682
508631
32416
AIIAAO
15833
495158
17593
501694
510338
OUIO
492587
495558
497148
24718
499150
21116
499891
503382
17923
21806
23916
5942
508930
46348
513366
518174
518917
522403
8073
526038
17791
12487
9217
10459
IIOIOIUA
518011
525393
530451
531398
534827
UUUEIAOIO
520210
527733
529035
533111
539187
548047
549989
EIEOIEUIEU
13108
540864
17923
6557
34301
550051
550470
7044
559330
15833
569169
UAEEEUAOIO
557273
UAEEEUAOIO
5921
52469
560536
562712
564827
574696
580279
587091
591210
598876
IOEOEAUUO
593182
602399
604419
EAUAAI
585255
587905
591330
19722
6290
18937
601005
16346
602274
605627
42937
18813
608683
AEOOUUI
29745
585567
594733
29620
27656
17113
597683
600946
602873
25851
13108
5298
610879
614484
616603
619279
623094
UIIAOOIIEU
IEIEAUAIOU
31699
18887
583239
590515
6557
14551
AEUAEO
573019
580729
32653
590506
32812
600314
606346
607394
17417
UIIAOOIIEU
593132
600731
609397
17394
618118
EIO
612152
617412
14551
625535
629309
AIOUUAIEIE
29620
605041
21000
609100
609907
614628
17205
617920
622795
12621
631767
AUIUOA
19452
624056
6950
631738
641214
649115
AUIE
20518
6290
42937
9533
9192
646840
653204
AIOUUAIEIE
641727
25359
644940
653324
660426
32653
17923
668302
OAAIEIEAE
656870
27957
30292
664123
666844
673633
677896
681610
682487
16532
29745
17102
OAOOI
19787
673106
UIIAOOIIEU
669350
0
677643
687461
689906
691829
698670
IEIUAI
693461
16532
702888
8228
704582
16144
705928
9700
IOEAA
700296
21471
12621
UIAOAUUIO
UIAOAUUIO
684801
14573
688996
691737
12235
696769
EO
670963
674365
AOUAOIAEA
AUO
7942
IOIOAE
625106
EUEEAAAUI
615781
17102
17012
622684
630768
AEEAOUUOU
624746
626633
9217
AAIAAUAUIO
605575
611560
U
588219
593776
EEEIIOI
596374
6290
UUUEIAOIO
28613
25359
586288
586349
17598
IIOIOIUA
585914
31475
38906
38261
586301
591282
AEEEEEAO
572148
575180
576497
580548
587378
36341
17102
EEIOEAII
20873
126
586603
32972
29620
17872
595749
601309
601587
0
22269
605254
611147
IEAOIIUIAU
587180
11782
28613
594769
603207
15659
610180
OUEEAUOEO
618034
UOUEEAEUOO
20155
10613
606272
608692
EIIEIAO
15727
IIOAIUA
576243
583808
586242
593172
OIA
567044
UAU
9700
564868
UAU
565570
AOOIAAUAO
15185
552440
OAAOE
26280
534339
50809
OUOIIUO
27957
525758
526315
527916
10146
OIOU
525859
530497
530502
533780
17830
24365
535164
OIOU
536091
22928
17830
540998
543307
544673
545423
551229
553757
553793
15185
24064
37187
559164
561483
565758
571781
579997
587707
595913
602057
60397
20155
604278
608637
608808
36427
14137
17872
17113
610566
620076
AIEEUEEEAA
617719
627515
34167
24556
46317
13064
19301
634054
642501
643418
18516
645128
653980
654154
6717
657379
661352
36483
15971
9919
17012
670064
678666
AIEEUEEEAA
682225
IAUIUIEE
32653
659402
IAUIUIEE
19109
28962
665148
668359
669359
16507
11672
669917
20686
36483
EAAUA
650672
651777
652425
657665
7664
AAIA
662284
21452
9008
665761
UIOIIU
662556
664010
665795
670888
678702
18937
13783
685179
14137
23561
E
686235
695143
700044
23633
703678
18990
710153
20780
717088
17830
720493
726322
20061
18887
24931
736180
736847
738491
31739
748382
654
13723
OEUEAUEOE
15221
IOEAA
6717
50319
709573
34167
711018
713862
9956
714973
EAAEEUI
685835
691391
EAAEEUI
699176
703696
IIOAIUA
43017
49874
51259
30424
693732
16507
695660
700802
AAAAOAEEA
11672
24931
20873
9769
704518
711350
713764
715707
EO
50319
40405
711163
719039
725138
4139
730587
14137
IOUAO
AEOEOIUO
29866
24640
710760
715000
36712
20780
721427
726792
38219
OAAIEIEAE
721589
EAAEEUI
721780
12939
30424
729407
736162
9866
22452
737789
10635
740122
49657
45230
742169
744972
751733
752594
758457
20686
AEUAEO
753358
24931
45230
763290
49874
6950
765877
3449
771772
54977
776587
780269
788479
28957
798436
804281
810234
815484
825424
830323
837964
AE
832285
49657
833836
20686
835160
842307
32152
29866
32812
851049
OEEAUOIUIE
16346
22452
849214
60397
852026
859510
31739
862996
872285
881408
UEEOEAUUE
OAAO
859194
864075
869871
9866
878597
885683
891212
AEUAEOE
887275
890711
35247
895714
898667
AEUAEOE
898109
902502
OIOU
882878
891408
3449
898391
898787
23633
12716
904682
906132
915464
17113
916582
28954
28957
UUOAEOIA
901855
17102
20275
909298
37727
912635
920471
922458
928946
929752
932490
941211
20686
946666
34002
952218
954135
19470
43017
955390
11672
961261
968742
34167
EEIOIEE
945738
947906
AAIA
947280
949725
953022
UUOAEOIA
945448
947993
951280
961091
964165
37411
26310
20797
969130
971798
976489
981170
AUUEUUOAEI
970877
17824
39497
977918
18516
982072
986035
989407
IAAEU
7997
973520
20317
IAAEU
979711
984713
993991
997779
1003217
1004859
1007197
1009383
12405
IAAEU
1007262
IIEEAA
OEAIEII
987287
994396
EEAAEUIIE
989813
993317
AIOUUAIEIE
975774
983221
989375
34301
997254
33918
999406
38971
EEIOIEE
28409
989048
993696
47766
999603
1000939
1010781
IEIUAI
19452
IOEUUIAEIU
28962
1000061
1008016
1010296
1012475
IIUUEEUEA
997227
18553
EEEIIOI
13512
987841
992468
37662
996015
37496
997919
17333
1002467
EEEIIOI
7664
28409
1002364
22703
1003829
13358
OAAIEIEAE
981962
20160
991853
999084
1000002
1007834
IOOUEUOOU
994727
998086
IOOUEUOOU
10081
19740
5451
UAUAE
34394
13358
980634
986478
0
35965
996133
1003618
1006733
1016044
33627
UAUAE
14965
20512
1018799
1022807
28388
1031829
1032024
39497
1038896
1042219
1051896
UAEEEUAOIO
1046421
1051647
16959
1051924
UAEEEUAOIO
1049885
1057065
1060168
1061195
EOUE
1049244
1052484
38971
1057844
24359
1063611
UOUEEAEUOO
1046549
3449
30592
32994
20686
UAIE
1023894
1026930
E
1029716
1038215
19740
1043999
69585
46317
16959
13358
E
30388
19109
1041676
1051253
20686
OUIUUUUEUO
1056302
IOOUEUOOU
45230
IAUIUIEE
IOIOAE
1024546
AOA
1013324
16737
25273
1021846
39596
AOA
1022275
16346
AOA
1024832
AOA
7992
33025
33450
1021463
IOEOEAUUO
36519
17451
998283
17113
1003800
18516
14618
1012617
10195
1020591
1023481
UAU
EEEIIOI
IIOEAIAAE
35247
971086
16737
9252
14743
978372
44051
24359
25495
982399
984996
22730
UIAEUAAUOO
961294
AOOIAAUAO
50522
46322
963806
973802
976071
983365
19767
990790
993928
1000217
19470
45662
1008103
1017524
36427
1025592
1031908
1033876
37258
38394
33654
1038783
UOUEEAEUOO
EIAOEEEEAO
989782
UAIE
OUOE
OUOE
AAAEOOIAA
55838
947356
55838
948460
10061
956494
960954
AAAEOOIAA
964234
967101
976172
32191
21452
978463
980088
986921
988211
996609
8065
AUIUOA
EAEAIUUA
976292
979319
988295
EIAOEEEEAO
968263
972182
982131
990854
995118
OEUEAUEOE
974428
13860
43033
981437
987152
994542
998152
26310
1006455
1011573
OO
999040
OEUAOE
13860
19707
30501
17102
975335
32816
978105
IOEOEAUUO
967658
IIOEAIAAE
965766
973113
16959
15221
973538
978972
35247
983776
23900
990211
997666
9866
999527
1001708
1006235
40340
1007268
OE
1002905
36519
1006122
1009874
UEO
30688
1004778
1006838
33654
1008332
8073
1014641
1023206
30424
32922
1030475
1034173
38394
OEUEAUEOE
34394
1023575
34638
1033277
1035887
1037090
1041284
AAIA
1031051
1037342
1037539
1047129
1057116
1062684
1068393
1074710
33654
1078703
1085093
37480
1090876
AEUEOE
1086066
1095884
1096695
1097034
1105199
1105203
10081
61038
1114337
34167
1121001
1129865
34167
20213
1136510
42558
1138331
44775
20738
23633
46317
1145656
AEUEOE
29866
1146320
AEUEOE
AUIAIOAAI
38169
1129621
28962
1130658
1130680
1133535
1135924
25975
17616
38070
1139641
1146587
EEAAEUIIE
1135145
39473
1140493
1147881
74105
1149108
1158623
23392
1164084
33627
1166985
1170991
1178311
1181590
19193
1189181
1196328
19767
1205107
1212811
1215132
1217251
1219435
32191
OUUUU
1212090
AUIUOA
1209367
1218296
1218683
12792
1226295
55610
1228028
1232685
1240498
1240668
1247736
33025
1256719
1259218
1267987
1273295
24359
1278112
23389
46351
17113
1280261
29773
AEEAOUUOU
44775
1255994
27957
OEEAUOIUIE
1238858
IOEEOU
42558
16737
1214436
1216697
23407
26708
IOO
1188773
12405
9919
21193
IAAEU
1188713
1197830
34025
1198009
1206855
1210258
31739
20780
1212866
1220336
1222080
25280
24331
19447
1228560
20686
1234200
1234889
19767
1239844
22730
AUIUOA
60397
1228550
25280
1229730
1232933
23207
60843
1242721
IEIUAI
1244637
1254098
1261639
20214
1262269
32036
1265506
1269726
1278041
1280435
1287954
37258
IEIUAI
1293704
1297902
29866
1304138
OEEAUOIUIE
44541
24359
1303101
38971
1310801
1317176
1319472
OEIEIEEA
28164
23407
OEIEIEA
1287336
IEU
24499
1292308
20780
IIIUUEIAU
1287311
17080
1294318
35557
17205
1296510
1302333
OUI
1302188
24359
28164
40498
65548
14618
1306642
39607
1308664
11782
1317219
IEAOIIUIAU
17451
1317884
1322328
8065
UIIOIAIE
AEAEUUUO
1302824
1311377
50522
1319339
1326304
28684
47662
24383
1331286
1338105
IAO
17102
1327610
AEOOUUI
AEOOUUI
1332215
1337934
17594
1344557
35905
20160
23407
45230
1352882
1358262
OUIUUUUEUO
1365355
20061
8073
30314
1372652
1373692
54945
8065
1381708
17885
25849
1382781
35247
UEAIUAIUUE
54420
22028
1376205
8065
1384504
1388480
1390578
1400129
1400654
1410049
30688
1415233
1417939
1419712
1424744
1429565
1438298
1442169
1452090
AEUEOE
1438688
1448267
1453360
4526
1456568
1461658
35557
1465912
EAEAIUUA
AOEAE
1440487
AOEAE
24499
UIAOEIEAA
29259
46351
1407542
40405
1413583
1415932
1415973
IIAE
1410433
1419961
1425578
56595
17594
26708
33025
23633
20873
51978
1427832
IIAE
1420376
19470
24331
1424298
1426992
5451
1429427
1433930
IOEUUIAEIU
35832
9691
1432273
1433620
22315
1437392
8073
1440548
1445287
IOEUUIAEIU
1448852
1453210
OUIIIU
33781
1439161
24331
40405
44775
U
1422687
24383
1426129
1431945
1432301
47792
35965
20160
1433522
1436023
30649
19707
1443052
37411
32012
9252
1450983
1460898
30688
1461379
AUUEUUOAEI
1451456
1454665
IIOEOAEUU
1445924
IAUIUIEE
1419685
19707
1428843
1429441
1434628
11782
EOU
1415220
1419391
1424912
1433373
1440548
1448832
1453452
1458513
46351
1464512
1467305
UIO
1451815
1459389
UAOAEUUEAU
1449874
1451773
46322
1461067
22225
9894
1464936
43040
1466823
35905
35247
1468991
AAIA
31731
UAIO
UAIO
47792
18545
1450002
1459760
19707
39470
38971
1468651
1471764
21588
UUUU
1449328
1454148
35905
1458796
OIEUIIUOO
1445880
UAEEEUAOIO
1440193
1443906
37640
1446033
1447360
UAEEEUAOIO
24499
17451
35554
1446960
OUOIIUO
26053
1442595
OUOIIUO
17885
1447622
1450242
1454222
1462542
28172
15853
35247
UEO
1453186
1463059
1470109
1476000
1476363
1477228
43315
1480263
52423
23407
23207
1487978
1493896
24129
27219
1499627
IIOUIAAA
1498789
18545
1499051
1502852
62777
1504780
14612
58963
1511519
38169
UAU
IEIEAUAIOU
1485679
1493032
1497010
34638
1497399
1501137
1508857
1518108
1521542
OAEUEOIOO
1513899
1523172
32036
45316
AUIUOA
OEIOA
1500141
1501947
1506569
24493
19193
1507974
1510949
IOOUEUOOU
36995
38398
IOOUEUOOU
1485241
IO
1475327
I
1467403
20061
25495
1471299
1475441
15221
46018
OAEUOEIUI
1456161
1459834
38398
14137
IAAOIOU
45252
1461899
OO
1458504
24366
1468438
OO
1474136
39470
28164
43040
1478399
42558
14137
1483239
36353
1484862
34613
1493801
43607
1494745
1504449
1513927
OO
1515943
46018
EIIAEAUOE
1489949
EIIAEAUOE
1493173
AUOAE
34878
1477972
OAUU
1455353
1462810
OAUU
IEAOIIUIAU
1418900
27233
OEEAUOIUIE
UUUUO
AIIOAI
25495
1352720
IOEUUIAEIU
23407
1333311
1341333
IIOIOAEAE
1313715
41755
1317388
17205
1325906
51126
45018
16369
1333340
1335693
1341201
43650
7293
1344996
1351436
AEAEUUUO
22225
1334168
1342698
1350261
51126
IIOEAIAAE
1333617
1333907
1342871
1345635
1351898
1353468
IOAIEAU
1334548
1340716
23407
37928
46317
23207
1343757
1348182
58963
AUUEUUOAEI
1335950
1343190
1343837
1353401
1359560
1359656
1360972
1362525
46752
13234
1370636
1371571
1380941
36931
14554
1382803
1392013
AAUEEOEOOE
56595
1384763
37608
54052
22523
33781
58022
1387641
1391328
1395113
1404834
32476
17392
58022
1408470
1413614
1422363
55018
39201
1427281
25081
33781
23633
39201
1434934
47662
38971
35331
21112
1443655
33695
39470
32667
EOEEIIEIU
31705
1438118
22225
33695
58722
1445524
1454249
1454270
1454486
1458681
39301
55592
1465606
1470124
1476691
36995
1479936
11940
1485757
IIOEOIIOE
68896
24931
1487152
IAEIEUOOUA
20214
OAEUEOIOO
OAEUEOIOO
51527
34301
1448959
OEI
1446091
33444
1449623
15101
1453790
32721
1459672
1468734
35965
46838
1476261
31974
1477889
55078
35311
1479866
1488065
1490709
1495913
1498023
21588
37258
1503752
12660
1506018
1510475
1511842
55807
1514660
1518575
35753
1528263
1534269
38070
27329
1534729
27168
1539660
1542563
43040
1546579
45507
1555241
1556182
1559409
1569052
1573666
56938
OEI
1570893
1571711
22958
1579406
IIAE
EEAAEUIIE
1533513
OAUA
1522276
1532211
1539460
1542506
1552088
1554914
OEUEAUEOE
45043
1542277
1547058
1547593
38343
22523
35331
1557522
1565723
24525
AUOAE
22523
30915
27168
1570804
1580750
1587915
1594313
OAAIEIEAE
23120
1593053
17616
36227
1596155
1606136
1607237
1616568
1616887
1624096
OEIEIEEA
47207
1602223
29887
1603805
1613712
62744
17392
1616716
30649
1621390
1624801
OEIEIEEA
32476
1624939
26708
34301
31372
1633179
EEIOEAII
35965
1626330
1629120
1635128
24931
UAIO
21025
25495
AEUEOE
41863
EAUAAI
UIAOEIEAA
37640
25081
1593301
35311
35736
1594089
1603741
1606527
19193
19193
1613653
1617803
OEEAUOIUIE
UIOEIIOEAU
EIUAIOUEI
1545862
UEAIUEUAO
1535343
AO
1536587
1539097
46204
12792
IOEEOU
43954
1528010
1536230
1538320
61944
1542002
50581
55807
1550389
1141
50378
21588
1554547
50581
1562132
39301
1565647
1568388
23120
1571640
OEUAOE
52898
1566742
1566810
18591
1576338
1580723
OAAOE
IIOAEE
1539679
1543696
42799
26053
1546594
OEOAOOUUAI
43650
1541858
1549229
45534
40514
UUUEI
1533975
30649
1543295
1547003
1550904
1556035
UIUE
1553720
EIAOEEEEAO
31902
62744
51697
1541883
1549816
U
1528348
25426
1537904
40216
15101
1543779
24525
1544131
1544611
78311
1552192
U
58963
54343
38504
53845
1553801
OEIOA
1545845
32922
35108
52898
38179
OOOEAAOI
1537149
1542666
1546569
54000
1552253
1554882
1561662
20214
OAIEEUEOAI
68896
1545143
AEUEOE
1534713
11940
52377
27168
22056
1537667
30824
1545375
1552749
1557223
1558481
1561570
1566776
1568535
1572392
1580012
1585495
34903
UIAOAUUIO
1565738
1568117
1577225
32035
1585878
1591710
1601385
34613
UEOOE
36227
1581331
34580
1585889
45043
IIOEOAEUU
51740
12660
1591902
1595996
AE
UAAUA
52377
1566781
24873
UAAUA
1571826
40514
40340
1574655
38527
1576683
1585179
IOUAO
26230
1568711
36128
1568767
OUI
50416
66585
38179
EEEUEAUAA
34580
31892
1524161
1530613
18591
47207
53425
1534943
60159
1540726
1549395
40851
EEEUEAUAA
1551523
20214
24736
EEEUEAUAA
35832
1558175
1561654
1561827
1569306
1578303
EIIAEAUOE
IOIOAE
43691
1540248
IIAE
31090
1529560
AEOEOIUO
35753
29797
26708
1531625
1533666
1534492
1543468
20824
63295
1548436
1548537
56326
EEIOIEE
1542853
34239
39796
1549401
62184
55410
1554918
IIOIOIUA
IOIOAE
1511757
20061
1513509
45153
23207
52715
41143
1523378
EIO
1514192
1519673
55410
1523653
1525100
1533769
OOOEAAOI
58939
52342
1527241
UEAUAO
58939
1521494
25168
UEAUAO
43277
AEEEAAOOO
UAU
1491038
1495073
1495134
27666
39201
1497029
1505849
1510313
1516006
UEOOE
1505416
1506817
1513065
1521396
1528782
53845
1530123
66527
62578
1530370
1536152
1541653
47098
1542741
1542975
32035
1543053
1543601
1551506
1555303
1565302
IU
1561481
11940
UAAUA
54116
1558364
1559814
35604
1565187
38070
1571306
OEAIEII
40514
AEEEEEAO
1555525
1565357
1568600
1573493
40150
AIOAAAUO
1562046
12660
1566553
1571531
51740
UEUEOA
1562395
1572058
1574280
UIIAOOIIEU
1553876
36243
1562909
56938
1570918
1574847
1579039
1585089
36351
1585242
37892
AEUEOE
1564400
AEOAOEAI
40851
50416
1553514
39932
57288
32231
AUIAIOAAI
1554962
1560054
58788
24525
1560988
1561983
AUIAIOAAI
1563547
1567427
55297
1570005
47207
1576939
UEUEOA
41037
1574946
51697
1581315
AAU
1577775
30824
74527
1585012
AOA
66527
IOAIEAU
EIAOEEEEAO
EIIAEAUOE
55497
35753
1514147
1522492
1529099
1536980
1542361
EAUAAI
1519704
1521185
1524457
1530079
32637
58674
1533825
56913
35586
1537834
25495
48099
1545919
1549271
85609
34159
E
1539878
62058
40851
IEOIOAEI
40605
AIEOUIAUO
21356
1512616
UEAUAO
1500586
1508864
1514496
1517730
IIOEOAEUU
1509705
IIOEOAEUU
1513457
35905
36227
1514765
68742
UEO
EAEAIUUA
1477680
32036
46470
1485511
41776
1486945
1492776
1498979
22186
14322
34580
1502244
40514
1506197
IAAOUUAUIU
32637
1488071
1493160
1499058
92622
IEAOIIUIAU
20530
1482098
44166
IEAOIIUIAU
1481356
24924
1481453
18029
1485751
1492851
1502234
IOEAA
1502270
1508829
OUI
62578
42739
1493424
1493967
1494132
52715
1499795
43369
22414
1503241
1512817
UIOIIU
1505883
AEOOUUI
1510771
1514446
35586
1518493
8381
1522197
24931
1529309
1531071
1535196
1543965
71434
52265
1548671
AOOUEEUEE
OEAIEII
1512698
36747
45332
IO
1488006
1492057
71565
UO
70914
35753
1477239
33968
1478939
42204
1487180
49440
20325
28686
1494155
1494308
27087
1503681
1504574
45788
54799
1510806
24310
1518149
42204
1520051
1522554
UO
1531325
1534068
1540056
1549080
UO
1551826
UAIIIUIEUE
OUIO
1551019
12405
1556093
45064
1560968
33206
1567897
1573760
1578342
1585059
1590020
75858
1598238
UAIO
IIOIOAEAE
30688
45153
1579021
42418
62058
31974
14322
44010
35753
1587700
35586
26146
68150
OEUAOE
OIOU
IIAE
57288
1519953
1521791
1530553
AAAAOAEEA
26017
1519937
55765
41123
EEIOEAII
1515063
26887
1519117
32231
41776
1520269
1527652
82707
1537515
1537984
1544750
1545886
45788
38665
64898
33352
58674
54000
EEIOEAII
23813
1545909
25430
1551347
1554928
70429
1564545
1571751
1579713
1586692
42418
1590914
1592456
24931
42739
30824
OUI
1591908
1601906
1608642
78761
1613082
38343
OUI
44003
41123
1614813
IAAIU
1594354
IOOUEUOOU
1596247
59552
1602710
1605893
1609313
AEAEUUUO
71434
1588053
1595149
1604463
34159
IEIUAI
EEEUEAUAA
1579415
35905
1581767
1586111
EEEUEAUAA
32231
56583
46497
1582742
71777
EAOEEEEE
1570998
1572882
UIAOAUUIO
1574708
1575817
1582709
41123
71565
1591200
44542
UIAOEIEAA
34580
20949
58173
UIAOEIEAA
1582256
23207
1588096
AEOEOIUO
1562442
1566183
1571362
15632
55297
60338
1573301
OIOU
1564375
1568325
56326
55855
1574562
1578017
1582724
1588730
1596078
52638
1601177
1601231
IEIEAUAIOU
1582649
54547
1588144
1595873
1602371
24310
1605329
1607706
1607767
39044
1610307
46482
1612593
1616235
AUIAIOAAI
26017
1598422
1607692
1610278
44542
63851
AOOIAAUAO
1590917
1595988
1602952
46482
1611493
52265
38343
1612822
1618035
1620708
E
1596698
UAOAEUUEAU
65001
1594446
IIOEAIAAE
35832
1584355
1590125
42739
48083
49029
35471
38291
EAIEAOAAA
1587527
1587691
1591481
63295
UO
77638
UO
1584581
OUI
40514
1569595
22983
1579086
22414
30824
AIIOAI
64243
1559819
1564800
41776
1569741
1576582
1583391
40150
42656
1588821
35604
22414
1589942
1590217
1590737
38291
1594831
1604281
OUI
50378
35834
1588718
1597968
1603600
OAAOE
1582376
63051
29797
1591349
38343
58932
OIEUIIUOO
1586191
1587421
1594122
1597291
UIAEUAAUOO
1596877
OAEUEOIOO
52184
1576843
77638
1579422
1588411
49440
1595888
35736
30688
UIIOIAIE
1577382
22070
1582767
1591287
1599914
1603493
1610308
42799
1610538
EIUAIOUEI
22414
1588960
UUOAOOIIAA
OAUA
1557751
38971
47207
55809
IAAIU
1559227
1563389
92620
38665
43808
52265
71777
1566946
52638
30357
UAOAEUUEAU
IAAEU
1551235
1555187
52265
1563383
EAAEEUI
AEUAEOE
38665
52861
54799
43808
66481
59552
54799
1547993
AEUAEO
1545598
68749
1555206
1561607
54112
1561752
38343
25728
24708
IOIOAE
1545828
1547155
92620
66481
1547670
72738
1549244
42799
39712
40029
68532
1554722
22507
1562177
1563436
23207
1563776
1572197
1576935
1578048
EAIEAOAAA
EIIEIAO
EAEAIUUA
1528661
1536499
1544783
1550834
51149
1559457
49440
68532
1563795
1564067
1569990
55497
92622
OOOEAAOI
1552490
1559129
53529
71014
80446
1564108
42986
31892
26704
46729
1568892
44710
22507
1573361
30688
52861
1576182
OOOEAAOI
1577387
72738
OOOEAAOI
1581567
1583725
1586988
63406
1587405
1590802
62201
38665
AIIUOUIIU
28198
1581795
1586698
42204
34382
1592019
39410
1597829
1602933
1612850
44820
1622066
1627784
1634453
1636167
1640814
1647659
46265
1652919
27666
1653714
40851
39977
1663465
EAEAIUUA
1645140
1645320
35604
1646268
1655034
22507
51953
1665012
59552
UIOEIIOEAU
1647443
52989
1650480
52861
1656863
1665833
34618
1675696
46313
1681438
50881
54116
81086
1686199
1688588
1689609
1698766
1702084
1710966
36108
24922
1712654
UIAOAUUIO
1711838
1714133
OOOEAAOI
1692889
1702341
1703033
EAOIAUOIIU
22507
1686000
1693407
63051
1702301
EAOIAUOIIU
1702075
60338
1704455
1710619
1718719
63295
25430
1722792
AIAEOEUI
15632
1706953
IOEOEAUUO
68749
48218
UUUEIAOIO
52447
1673093
IIEEAA
1664853
1672224
1677480
1683362
1690287
1690716
32231
22958
58788
1696178
1696547
OEAIEII
1677430
1684509
OEOAOOUUAI
43683
1683375
46674
1683550
1685118
1689507
50881
1699026
1704881
1711534
1712934
1717570
25495
1723868
1728979
1734155
1742613
1745828
1751534
1758759
30884
1759828
1761663
31792
1768430
1770874
71766
1776937
45000
1783873
39410
66481
IU
1781103
1781392
1784449
1789310
1790440
1793322
1801765
1809865
1816893
32016
1819437
27401
22507
AAAEOOIAA
1811692
1817747
43595
1826286
49728
1833875
1837291
45018
1839966
1847627
1855239
44710
1863104
EAOEEEEE
36008
52265
1860296
1867768
23173
1873525
46636
EOUE
1861993
1863727
39596
1864264
UIOIIU
1855610
1861354
93766
38070
1866930
UAOAEUUEAU
57554
42418
1850987
II
1831722
60338
1839198
1844903
UIAEUAAUOO
1833056
32231
38070
1841842
1844514
31991
62210
22507
44710
OEOAOOUUAI
51953
1824922
22406
1825653
1827733
65065
1837329
1841290
1846406
1853789
EIO
1842064
1845651
1848717
36242
50529
AI
UAU
1830786
31991
1838903
1844988
48300
39257
1845254
32231
59166
1845692
1847542
107990
64532
1847801
1850076
59650
1851833
UEIOEUUI
1831413
1832455
1833810
1842871
46674
78724
EUOAIUOE
83420
39596
46470
40037
65065
1842190
1845459
1852417
40109
1861898
1869280
1872506
AEUEOE
II
1850043
1851668
1860698
107407
39977
1860936
1863019
58788
1871375
47172
1880905
EAAEEUI
29241
1876959
1886394
1892457
1893733
1903357
OAIUUAOI
29668
1899643
1901515
UAIE
1892212
1897379
1906981
62883
1913725
48218
1923698
59334
1931204
85819
1933638
60733
107990
50801
1941048
40037
1943244
IU
1947036
1953835
1959157
49728
IAAOUUAUIU
1955562
59433
36242
EI
1943516
39257
1946911
EOIAOEOEO
1931045
IIOEOAEUU
1926686
22682
1931634
OUIIIU
AOIE
1904427
1906079
59433
1912086
29197
AOIE
1915831
AEOEOIUO
1909879
73487
AEOEOIUO
51953
1909930
1914847
1920372
OAOOI
1910566
86222
AEOOUUI
51572
22507
AEOOUUI
1883040
IIIUUEIAU
47922
74861
1881569
51193
1883133
OOEUUA
1872136
1873051
1877950
1882958
63851
27401
40866
92940
36815
1884792
1888370
EIEOIEUIEU
12792
38106
1882704
EIEOIEUIEU
1881022
59016
1883453
1884639
1886635
30357
42716
32278
OO
90532
1889149
1896494
74797
51235
EEAIEIIOOI
43683
59166
68035
1893071
63851
AAAAOAEEA
EAAUA
1876208
49728
1880255
EOIAOEOEO
1877713
1886205
1892496
63295
56741
1899743
1905418
1911964
40866
EIUAIOUEI
1915276
1916985
44820
50615
AUO
IIOAIUA
1907827
1917360
1920924
1926741
1927635
1933339
68742
1936162
38070
1940132
1947573
IOIOAE
1919851
1921880
1925715
45332
1935711
1944901
1951596
49728
55590
57429
1952115
44428
1953610
1955923
1961172
63851
1966201
1971338
52684
1971728
36242
1980447
IIOEAIAAE
AAIA
1967998
1973578
1982003
40866
1989552
50881
1993579
47304
1993613
1999004
51149
AO
OE
1984174
1984632
AUOAE
93827
EOIAUUOEUO
27493
1943331
52265
12792
1946805
EOIAUUOEUO
52638
1947980
IIOAEE
1943538
1953478
1958503
1959963
1969566
68742
22406
54613
1975136
22406
47172
22682
1982535
1992404
2001071
37293
2007779
2016977
43944
EOU
1992406
1992934
1999134
2002721
50794
AUIE
1988336
1996235
1998408
2001862
80325
OUUUU
IOIOAE
60646
1963459
1967396
43717
OAEUEOIOO
51193
OAEUEOIOO
28764
99802
57898
1936192
1938098
59334
OUIUUUUEUO
1935616
46497
39712
1938979
1944323
UEAIUAIUUE
43303
UIAOAUUIO
1940643
1943209
1952382
31125
U
38381
39858
63295
AEUAEOE
1911343
1914155
38381
55590
43615
52330
AEUAEOE
43303
40109
1919732
49728
61547
1922660
52638
35834
1926568
1928529
62883
42986
1933623
1934071
1935798
1939800
1945918
1949035
84843
1952671
37966
1961847
1963566
1964952
1965565
50615
1967102
1970976
54756
1980868
68035
OAIUUAOI
IOEAA
1941510
OEUAOE
1946633
1950777
39977
1951157
OEUAOE
68035
OEUAOE
47172
28906
AOIE
1924273
1933714
73003
1938102
1946535
1952130
1960300
51193
1969154
109929
76067
1977888
AOIE
75507
1975756
1980884
1981336
1985749
IOEEOU
59812
59166
51689
44820
1969178
1979062
46296
93766
40037
54939
1983865
1987840
42017
43717
63851
1993059
2001154
2007259
2013189
92940
49728
64243
2015191
82770
2017276
2026685
55265
59188
2027219
46296
2036234
83196
31792
64243
38522
EEEIIOI
36454
2030338
57857
2033960
2042658
73987
2048087
2049070
2049077
2052651
2056082
43717
32471
2059126
IAAOUUAUIU
2064446
OO
2064381
2067971
52638
36608
2071914
2081463
52447
77417
69568
53113
2089258
2095199
44779
2102784
2103078
II
86565
2074128
2075504
II
84843
2083680
60646
24066
2091418
25728
2100911
27401
2107488
AEAEUUUO
2098879
OE
2092246
2096491
49257
109929
EEAI
73871
EIO
2068417
2073616
2082471
2084257
2093216
58448
79834
AOIE
31932
2097825
2106447
2107089
37966
52638
2108277
2110999
39977
2116128
43683
OEI
2112928
2118447
109929
2126777
53113
2128639
2136163
2138580
2140817
2145468
OAOOIAEAOO
2133610
2141791
2146607
2149397
2158101
2163419
75200
2166210
2169136
2176961
83196
OOOEAAOI
71001
2165218
22406
36242
2169581
2175833
2178926
65419
2185220
2194823
2197293
2204054
56371
72555
73003
92940
2205979
2207135
AUOAE
2191889
EEIOEAII
2172116
2172476
AIOAAAUO
41505
IUEEAAOUU
85490
2136777
71001
2139325
30730
IUEEAAOUU
65419
107407
46095
33456
2147579
2149431
2153783
35753
2160718
35640
2160905
2163572
25430
OUIO
IIOIOAEAE
2120652
2129390
51572
EIA
2110621
2115277
2125119
45000
2134217
IAAEU
2131129
2140720
40037
46729
2142060
109929
2143313
AEUAEO
IOEEOU
46095
59827
2112992
38011
2119762
EEIOIEE
AAEIEI
OUIUUUUEUO
OOOEAAOI
2039763
2044284
2051793
AIOAAAUO
I
42300
58837
52265
AAEIEI
1972278
37966
1978581
1984338
1988223
36247
1990655
1998077
2005187
2010012
OUUUU
1993919
2000545
38011
2001785
2002386
71671
90532
36247
2006810
EOU
56371
1994502
44828
1998606
2007159
2015051
2016332
2019051
2022309
2029249
2038445
UUUUO
2017343
36242
2025191
2033720
2037669
2039318
2048569
2054195
2063981
2068020
45496
55042
2074835
2082181
2086323
2088660
2097653
68589
53772
IEIIOIOE
2097825
IAIAEOIUO
40037
2085750
2085759
AUOAE
OAAOE
AEUEOE
AOOUEEUEE
2032087
2032283
2036823
2038667
OEAIEII
2016168
82181
2022643
31932
2024148
2033965
27713
2041730
2046498
2049633
30730
49892
49257
2051974
2056492
2063866
2066916
49728
2067904
OEAIEII
2070692
2076957
E
69169
44164
2061458
2062564
60123
EAAEEUI
2052375
51149
2061126
2065812
29924
2068796
2074566
2074879
65307
2084543
2091423
2095076
2100734
2107098
2107466
55163
52002
65307
42913
35465
2117245
29566
2120870
2127714
64227
2136757
OEAIEII
OOOEAAOI
2107428
51149
EOIAUUOEUO
2088056
44820
EIO
2085912
2092704
42366
35298
107407
2097757
AEOAOEAI
2083251
AEOAOEAI
54280
73219
2079090
73219
51149
77759
2079329
2088789
80325
52002
2091905
2093927
38179
78965
42837
51407
2097940
35591
2105845
45473
64532
2111913
2112729
56135
EAEAIUUA
66328
64459
30317
UIAOAUUIO
2070496
46095
63176
2076884
73871
U
2077412
90532
2084704
2094170
2098109
75507
2099620
2099712
44820
2108768
2112332
2117910
OAIEEUEOAI
55243
2113185
EEAI
73003
41139
2090453
79834
83080
OOEUUA
2066978
2069252
45788
2073551
2078842
2082798
IOEAA
44375
42837
2071659
2077715
65419
IOEAA
2082787
2084796
IIOIOAEAE
83080
2090644
2098981
2105909
83818
53113
49892
2111905
2116896
51572
29223
35348
2122078
OAIEEUEOAI
2109787
2113236
2121530
2125195
2130601
2135607
2145594
80325
46497
2151202
2154399
2161243
63176
2165813
60733
12660
IIIUUEIAU
OEIEIEA
2153773
2159289
2159829
74444
2168938
2175859
2184914
2193225
UIIAOOIIEU
59154
41139
OAEUOEIUI
OAEUEOIOO
2138572
2146456
2153826
2157372
73871
42766
2160419
2163288
OAEUEOIOO
2160221
EIAOEEEEAO
OUIUUUUEUO
2116870
2117871
2127019
2134018
89713
29223
2135179
2137271
51572
45788
2141259
56135
2141632
64838
65307
2142160
42300
2151575
65419
IAEIEUOOUA
2132150
2140631
48256
2141304
42913
63582
2141443
89558
AOEAE
66350
2123088
2123765
2128738
AEAEUUUO
86736
2121292
2127472
2129065
59334
45918
2131631
EU
39798
60766
2116919
2122712
79924
39858
OAEUOEIUI
56437
2124115
2126582
2131822
45442
2139853
2148599
2156313
2163557
OAEUOEIUI
2164508
2167528
46095
43222
2175021
71453
2183823
2185360
64898
2190997
2196930
55243
OAEUOEIUI
OAEUOEIUI
AEUAEOE
2153987
AOIE
UAUAE
53772
2108702
88018
2116039
2123158
2124664
52285
2129151
89824
79147
2133565
2137088
2140984
2146039
91783
2151824
44375
2154663
2158895
2160548
2164418
60779
2164630
56906
71001
IOEUUIAEIU
59827
2147758
54939
73871
2148541
88018
2149181
83609
2152741
2154604
2163045
55561
2166877
2171181
2171579
62929
2173833
2177792
2187748
56089
2196626
UUUEIAOIO
