0
0
0
0
0
0
0
9844
15778
0
0
19435
0
28626
37669
44502
0
51802
55435
AA
0
40031
42929
4654
EUOIEU
42552
47457
0
55687
58088
59255
0
0
66874
0
AEUIEU
0
0
59844
0
IIEOOIU
AIOOAIA
0
51089
0
60495
68978
0
78530
86502
0
0
88761
0
0
94023
102666
103705
112069
3657
OEOOEUUII
OEOOEUUII
4691
92493
0
99894
0
OEOOEUUII
UIIUAAU
7300
91208
AIIO
0
83220
AIOAOEEAI
71736
0
IOEAOEUOUE
0
48205
AIAEEU
38959
44367
52430
3237
53538
57345
66102
72276
75697
79743
85627
90865
0
95356
OIEIU
0
80130
0
82106
0
87148
AOEUU
0
0
0
0
0
91820
96128
100003
IOOIOI
87698
EAIEAEUAU
69051
70696
72293
0
EAIEAEUAU
0
70332
9043
0
0
OIE
0
8643
AUAU
27160
32844
3237
40668
41706
46874
0
47237
47461
0
52379
59953
IIOIAI
35662
45602
47526
0
0
AIIO
OIEIU
AA
AA
0
0
1689
8096
UAOOI
7326
0
16766
18332
21177
28780
38237
40409
41792
44826
53622
63411
0
0
8364
IEUO
14448
0
0
46637
0
IIUAIOEU
7005
25056
0
31800
33545
41057
41080
50874
54951
55743
0
58003
67850
74116
82983
84770
0
90938
96467
101916
111859
114737
121864
127329
127530
128745
EAUIO
115028
0
EAUIO
116156
123272
126675
132564
EAUIO
IIUAIOEU
AEIE
0
98184
0
103719
10456
113532
114498
OOOOEI
0
102383
A
83256
0
90517
100390
102729
2783
108717
0
114871
124250
125953
128508
0
136120
140216
141912
146349
152642
0
0
160849
168149
0
170366
1383
20403
173173
175541
183644
A
5826
IOEAOEUOUE
4691
155087
155849
163938
0
0
0
172514
182238
1616
188367
8685
AEIAUEOU
AUO
157438
1108
160992
4685
167123
172993
182270
185467
191269
193400
200646
207555
0
0
217072
AUO
1566
216475
219813
AAOEUAE
201855
3998
206442
209460
0
IIOO
0
UAUUUI
168086
174080
175210
177802
179350
185277
192224
192619
199869
202239
0
6833
14448
UAOOI
IIUAIOEU
0
IIOO
17306
161331
163288
0
165186
IIIAOAUU
163406
169853
4096
177546
186073
IIIAOAUU
184381
189597
16045
189664
18230
194579
0
199812
0
203016
0
0
212176
0
213071
218677
9827
IOEAOEUOUE
5826
197218
202681
0
0
205557
6146
205958
UAIEEUOA
185846
188337
OUUU
1108
165539
167120
168450
175573
4918
11115
EEEIUIE
4918
10481
151371
157249
160550
166319
17090
174319
179648
0
186094
3319
0
188568
197706
0
16784
0
206179
209821
EEEIUIE
207443
214564
220635
IEUUUEIU
13140
209033
IOOUEAO
OUUU
182001
AA
13633
160296
8754
6922
165441
3237
UIEAIUAE
3237
168343
0
UEIOEOE
6958
150612
14304
14247
0
152609
153771
3237
2807
1566
156031
163045
8165
UUOEIUO
4046
161085
0
IO
161777
171093
20403
8754
177192
184954
OAUIEU
0
157502
157632
OAUIEU
OAUIEU
IIOAAU
132655
135933
0
0
10466
16784
142858
151601
159642
AOAU
9813
14171
152599
IIOIAI
136901
9595
6833
4918
0
141037
143852
IIUAIOEU
126264
39208
131334
134729
142464
151904
157042
162372
AIEIOEOII
168757
175216
179905
7301
0
183045
IOAIEO
183726
27456
192979
193653
IOAIEO
196788
200531
204685
14304
9981
0
212845
8770
221935
10466
228982
9595
0
229570
IE
229827
AIOUIEIUIO
202426
208184
217804
EOUUIA
197234
206208
10251
AAOO
204137
206125
0
AAOO
20403
214700
AEUIEU
4918
2807
IE
181408
EUIIOEAEA
163916
22005
0
AEEIE
0
150003
154741
19942
157115
161653
164177
165573
172837
6648
16040
0
13633
UIIEOUOOAE
0
157839
AEEIE
144033
9816
UEAEUIIOAE
IIOEEI
116503
125380
134079
0
143599
IIOIAI
27262
129192
138026
1108
139104
141560
146983
UUIAOEAOUU
130117
EOA
133207
138893
0
21439
7945
11968
IOOIOI
UOI
115369
118913
126702
131667
7437
22982
27141
132648
AUUOIEOEOO
EUOIEU
0
16973
101658
IOOIA
96866
EAUIO
89028
94998
103876
108132
110725
UIEUAUAO
87348
17548
4491
90938
7496
12681
0
6922
99449
103216
109169
30139
7517
8000
14304
12621
11921
113498
UIEUAUAO
18979
112453
0
120147
124320
12178
125770
126575
131120
134474
143353
151589
0
EIOOAUO
134003
136797
OI
117229
8770
117730
16784
13140
UUOEIUO
OOIAEAAEU
UEAEUIIOAE
61024
3874
0
11921
69218
24794
19070
74837
0
3469
83130
19070
11203
84342
92391
3874
OOIAEAAEU
84703
92418
100057
104604
AUIUOOAIAO
82636
AOAU
9193
77833
IEEIOOU
80482
84550
87579
OOEUUA
23162
73544
82482
82730
87317
91629
98110
26638
24734
9987
IOEIUAE
33915
5884
90392
93059
101974
9940
110079
117213
124833
129727
137042
142504
EOUUEAEO
12032
127091
0
18371
129417
136990
142319
12497
150788
158817
163415
165150
11287
AIAEEU
0
0
17315
27418
IU
120522
129360
UIEUAUAO
122709
123246
129996
11170
17548
IUIAOEIOA
103379
104583
110412
117094
121611
19070
127613
AIOAOEEAI
14129
99552
103738
108969
10110
116412
11702
125367
9193
AIOAOEEAI
124232
11170
130262
133539
138794
UIIEOUOOAE
9193
125506
134477
135697
44742
142709
IEEIOOU
149100
17548
151202
IAAOU
7496
148839
EOUUEAEO
26638
IAAOU
AIOAOEEAI
75448
76688
12351
23173
76855
22643
39139
85367
30305
87154
88703
13357
95783
11287
11653
0
13357
101500
0
110596
114513
116812
125632
132359
6648
134810
137901
AIOAOEEAI
30305
0
OOEUUA
20134
125832
134792
21497
0
142408
147111
0
EUAAUOAUA
IOIAUAUE
144849
0
153581
AUIUOOAIAO
138520
16538
140943
142368
12804
UIIEOUOOAE
131819
134725
144007
2777
144333
154242
11287
24794
23173
12832
9816
159284
162623
168480
0
169275
176275
177969
9952
185677
7717
186085
187094
194666
198722
206105
208823
UAIEEUOA
15161
UIEAIUAE
20001
183835
6815
186848
186981
195304
198059
200244
209240
215758
AUIUOOAIAO
1330
16966
IOE
52771
172988
IUOA
169562
10466
EUOIEU
154770
157010
UEIOEOE
147700
151512
154344
AAEUU
140980
143020
IOOIA
30211
3076
120678
IOOIA
18982
6906
125055
27004
132349
13357
141327
IIUAIOEU
UAIEOAAUO
115596
122635
20134
125304
129257
135525
AIIAIIU
12832
8690
8000
AEE
22571
6815
EUIIOEAEA
12804
123820
52771
EEAEOU
27143
109888
UAOOI
IIOUU
7570
AEIAUEOU
64634
71465
77108
12351
85590
0
IIIAOAUU
69880
21497
75872
12126
77937
84049
30213
UEOAOO
73428
5857
18885
16024
6815
UEAUIAEEIU
0
14933
51593
EOUUIA
54921
55014
60856
22917
70587
11702
71454
21628
75747
81556
90226
100142
109918
EOUUIA
19289
24541
109634
11702
111051
115536
116405
121248
AOAEUUEIA
6831
100481
108866
21628
8949
OUIUUIEIU
107699
408
108144
15888
114319
OUIUUIEIU
0
121648
127869
3628
134003
30101
AAOO
128942
130063
27134
139302
145217
28104
145560
30101
22571
153490
1330
154212
162079
162977
22917
23046
24408
9819
165371
168554
AAOO
172527
173364
14278
IOUAUEI
154775
162025
27782
164032
27782
19070
166577
175700
UUIAUO
5809
177035
0
186670
8949
AIIOU
10187
182030
191842
195978
20001
AOAEUUEIA
177070
180253
0
189417
195791
198914
27025
22670
207578
6831
214252
9290
29939
216295
216614
9290
226203
31734
227513
228838
35623
12832
230680
OOEUUA
3628
201204
OUEUI
AOEUU
179645
17315
25808
188435
14292
51296
10466
193890
194090
AEEIE
4200
188507
189905
196479
200219
202958
205064
12983
206796
17755
208811
26638
214931
222543
8685
17728
IUAEAO
IIOEEI
17589
204065
205959
209271
217387
19625
8949
220866
222900
AUIUOOAIAO
215630
9987
218239
219028
15529
IIUOI
195601
203734
IAAEEIAOA
203671
14699
207581
21497
18107
208164
23173
216892
9813
12351
221528
228211
0
229604
234466
AIOUIEIUIO
234006
240069
27680
246740
247021
254484
262755
268576
27680
274823
282006
19031
285707
13767
295154
296643
297739
302752
311966
321637
330111
333764
13431
342882
43997
30956
346264
349762
355957
362443
363483
14686
372907
374991
380195
10674
382651
385652
387099
387100
20134
40121
395977
IUAO
14686
IOOIA
13032
353792
29796
361847
366266
368985
AEIE
356116
23417
356434
EAIEAEUAU
UU
13787
23417
13230
23173
27456
314865
323280
332158
20134
14699
335672
344738
13032
AIOAOEEAI
336204
AIOAOEEAI
335659
EEEIUIE
17385
14933
EUA
315370
27133
318877
319361
328409
330482
12832
OIEUIUUUUU
18039
314538
323330
13230
9161
330152
331430
338026
IEUUUEIU
16121
18039
9290
UAUUUI
315462
318907
327458
72619
331551
333856
334981
38307
344403
348682
10674
27134
358121
UAUUUI
AUAIA
349137
358680
360803
22916
364490
IUAEAO
10220
37283
350832
12804
356696
357440
361923
365475
371921
48048
10021
21628
372386
373611
42707
379857
387404
IUAEAO
385931
26150
3076
17589
387219
393606
396593
17589
404567
11702
4211
IIEOOIU
385295
390921
33430
27133
396329
IAAEEIAOA
IAAEEIAOA
29158
370872
377583
381362
IAAOU
366281
376269
376547
26150
26201
377909
IUUAUEO
370292
16577
12560
371221
AEIE
IEUUUEIU
IIEOOIU
332098
27134
5809
AUAIA
13230
42877
306876
5809
311503
312649
320036
UIUEI
26638
UIEUE
291022
298395
23335
15529
302959
2719
OIOAA
293348
294551
300469
E
275245
281323
286640
286668
E
EUEU
36281
268677
278461
39139
EAI
31945
11511
26201
27233
258614
29218
259933
262375
268771
30647
35623
275609
9987
281872
290616
19289
299540
18593
15529
309229
11850
22463
314892
22042
23958
319748
33692
UEAUIAEEIU
296038
26201
8000
297893
19692
IIOAAU
OIOAA
281523
8000
IAAOU
21527
34944
15980
39687
260438
49957
263400
IIAOAEO
258488
263111
265207
268649
271791
281073
282749
26097
20644
285530
290633
296595
305983
310194
IUEOIOOIO
296587
299448
UAIEEUOA
60958
28543
272965
276340
UAIEEUOA
28543
EAIEAEUAU
UUIAOEAOUU
52133
24514
245152
UUIAOEAOUU
6193
AIOAOEEAI
12804
238062
19692
240120
241027
250163
40704
E
19692
250188
256927
22463
AUIUOOAIAO
242927
14586
A
8000
231260
40135
239976
247196
250424
251810
260985
270559
48115
36991
274194
43997
A
34371
280083
UAIEOAAUO
267680
268369
OUOUIOOUE
251972
254878
50668
UIUEI
20370
235766
245313
21924
247245
35623
255007
II
UAIEOAAUO
17589
26575
229332
20370
236663
240326
UAIEOAAUO
236850
UOI
21924
240914
247123
17034
OIEUIUUUUU
251917
11511
258820
10220
AEEIE
244258
26638
18462
251412
258393
267857
276862
10188
13406
20448
29406
19289
24358
283651
286254
8000
26933
294157
27456
297947
303420
305064
310775
313208
17799
317466
318652
321460
UIEUE
EAIAEIUU
285037
294941
31734
31734
17660
296913
UIUEI
17589
29796
45765
26841
20644
286225
288027
297900
304621
314039
29796
318087
319777
325313
327171
46319
327800
21850
334778
8000
OIEUIUUUUU
323693
327951
336756
7699
20644
26513
345522
354652
364387
13447
367589
373237
IIIAOAUU
360419
365025
372122
7496
376727
381024
387278
6263
389900
392957
393748
399696
IO
4513
396812
19031
403611
408427
38307
8000
IO
417227
423971
29945
71888
431120
437163
444787
7080
453816
12560
461988
463582
471145
472759
474401
13547
13032
474570
476076
AUEUOAOE
11886
UEAEUIIOAE
29794
445515
17794
448807
453039
AOAU
IUOA
29796
IOEAOEUOUE
411289
27456
418126
425082
34221
430953
AEIAUEOU
26201
413016
419133
421350
426139
U
405168
413223
AAOO
410305
414090
418180
13547
OUOUIOOUE
AUAIA
4211
391774
26841
EAI
13447
AUAUI
355279
361071
364780
10188
20644
42243
16121
369732
376253
381299
385002
EOUUIA
33994
15529
7699
363219
365421
365449
368937
369719
35430
378339
50668
380175
382331
82624
386279
10220
391060
AIIOU
392565
394658
401500
OIOI
379327
386525
21924
UIIEOUOOAE
370727
374509
43202
377366
10674
384900
386117
32548
392158
399876
401328
409881
418731
AIAEEU
406521
412771
419644
33994
419895
22644
30082
426357
431042
433647
439969
18899
445118
446045
454039
EAEO
439979
440225
440715
9290
449719
458200
40833
24514
22644
35430
463800
35370
EAEO
465563
17794
465610
472498
AUEUOAOE
71888
23509
34042
31308
AUEUOAOE
31308
42298
27456
IUAEAO
29517
462814
468912
29794
IUAEAO
AUAU
37826
15945
AUAU
33994
445669
450720
450848
37283
451941
454453
EOOEOUEII
20644
445871
451147
30134
EAAAOIIEEU
EUEU
421960
428595
433155
37717
440666
UIEAIUAE
444592
32548
447627
457442
34221
463610
466602
35430
472425
AEEU
472082
477024
7699
23509
482986
15945
488968
497691
506023
514160
43420
516962
36388
23509
41088
IOEAOEUOUE
503071
505673
509035
IOEIUAE
489919
IOEIUAE
489486
494456
23417
499352
39111
508662
513840
516898
AIAAI
502835
507379
31553
AEEO
48017
490075
492841
7496
502693
509815
513487
517418
8169
51051
EIEAO
498987
22042
501874
13447
507380
509135
517108
18462
UIEAIUAE
506331
36388
UIEAIUAE
7699
13032
12560
UOI
501340
45023
506056
44513
510629
516513
519233
528100
UOI
47359
530778
539220
22406
541510
8169
549150
558674
13447
IIEOOIU
IO
48115
523520
529332
0
529699
42182
534311
534773
538386
540727
29517
47359
544540
10674
548917
557131
23814
564205
564380
569479
572348
581463
13447
583291
583978
47359
21527
585366
9290
24514
593071
594186
37189
597841
605953
IOOIA
588551
35879
593348
597011
OIOI
582627
14933
589365
593674
603402
50668
22152
610548
25266
35277
AEIE
13547
608814
617953
625010
633303
641844
648123
35711
655786
655879
660918
661847
662063
662435
7496
47359
669436
AUIUOOAIAO
OIEIU
17931
9290
AOEUU
630489
25102
34746
639725
643382
29517
17559
43202
653287
IOIAUAUE
646386
OIEIU
13547
AUUOIEOEOO
629746
IEEIOOU
AOEUU
AUO
598459
603421
609095
611969
615720
31208
622966
35711
630418
639693
42298
644855
648451
10188
649086
23509
654732
655507
57526
657821
EAAAOIIEEU
639661
37726
643776
649966
48115
654941
657692
EAEO
663669
672062
680090
689835
18558
692886
31640
701710
36607
709383
709639
714668
718593
725520
AUUOIEOEOO
703601
706407
25408
707226
714912
723076
11886
731505
27509
740708
EUOIEU
7699
735768
55767
736307
740699
12560
AEIAUEOU
EUEU
702098
705504
42298
708484
712214
26201
27186
720750
722348
UIIUAAU
717789
31640
721088
27456
UIIUAAU
726159
734607
35711
19769
741830
748039
40553
47359
OOAAOAA
8169
IOUAUEI
33994
730792
19692
733576
19521
743302
744173
752387
761649
765427
774825
784142
791015
EUEU
50668
772086
779938
781823
20161
56748
EUEU
24129
786151
22042
795785
45392
797443
803302
812001
816908
40033
818558
21587
828315
UIUEI
806043
46319
23682
15184
812291
17559
819103
17931
24514
34221
48983
820357
58156
826003
829048
15184
AIOAOEEAI
43381
58156
814900
42939
50583
816905
48983
818586
827905
UEOAOO
802581
805824
807129
49414
29585
814074
820436
821364
821639
821680
823178
825537
AEUAUEOEA
819948
826679
829932
835052
844664
851158
860815
28994
868292
873886
34221
IUIAOEIOA
858700
IUIAOEIOA
862961
23682
31564
863428
865893
43511
868172
27456
34746
876708
45392
881808
21587
882383
33364
20048
890717
894458
901870
40024
905586
913351
17559
921070
930338
933116
936050
944037
945520
947418
949945
955031
IUIAOEIOA
955404
959830
960301
960725
17660
E
32727
EOUUEAEO
24129
33469
919673
EEIOEU
34746
EEIOEU
32841
47501
19521
13407
899316
909106
IUEOIOOIO
898708
36609
38035
17931
42182
904049
913908
920978
29044
930135
35711
11943
UOI
19521
26471
927464
53502
AUAIA
IIOAAU
34184
34221
28885
900042
9922
AIAEEU
31640
38035
39111
IOOIA
39111
894166
897514
39462
47501
17388
25102
48983
26016
901075
EUEU
34184
25057
42083
897235
AEEIE
OIEIU
857584
865663
870049
871587
OIEIU
34588
UIIEOUOOAE
857784
28885
866301
UIIEOUOOAE
871715
OUAEAAIAO
848100
32841
854658
51077
855678
861411
39330
868411
869497
877223
883086
887210
OIEIU
881264
884259
34042
29585
892184
OIEIU
38406
34670
890915
53292
900548
908520
909100
28885
914861
33841
922456
29585
50101
929716
936496
12560
23509
940190
EAIAEIUU
IIOEEI
899059
906320
49634
915048
34221
34184
919414
73073
928063
44769
928745
35623
19769
935923
938689
IIOIAI
33841
17559
25408
942009
946018
955122
14699
961768
968093
35370
39748
25988
47501
15104
973213
975314
984380
991835
998725
1005793
1011894
62360
1019018
17931
1027495
IUAO
IEEIOOU
994082
43481
1001571
1006239
28994
1009172
1014185
50101
IIIAOAUU
1007484
1012050
1016152
44618
23509
51077
17660
OAUIEU
49446
24580
35711
35623
58618
44015
1012201
0
46514
28885
1015515
OIE
1017161
AUAUI
1010270
35711
1012547
50417
55767
1020047
20290
OIOAA
1013517
1022597
49446
59468
1025663
49634
41486
OIOAA
1017669
32168
1022158
1030681
73073
60955
44328
1036849
1038984
1046811
1050037
AUO
39748
A
1008449
39462
1014284
OEOOEUUII
992932
993573
1003060
1003948
38035
1008070
9290
33060
36607
12738
43521
1017398
1025834
UIEUE
1022499
EUA
1013202
1017618
35473
12776
1023811
EUA
41486
1024302
IUAEAO
35473
1011344
1013256
1020501
25057
AUEUOAOE
32841
1008569
26016
39111
1015200
1021300
47324
58618
1023989
1026754
IIUOI
32168
1023016
23509
1030502
EOOEOUEII
1009928
41486
47723
1012282
OOEUUA
EOAOIEU
993894
20262
994573
42298
995601
1001290
50417
AUAUI
IIIAOAUU
968944
38601
44015
975970
979617
981723
985697
989598
998410
AEUAUEOEA
32727
982009
17660
40382
15756
OIEUIUUUUU
AUE
942365
U
923048
25988
928155
935656
27435
27509
938485
942000
946746
948704
50196
957524
39111
58167
10220
961590
47501
963715
973281
39111
979174
24738
982223
26154
UUIAOEAOUU
50196
AEE
940485
15756
59468
13407
AEE
943901
949544
AEE
34569
AUEUOAOE
940991
941795
945930
946916
956847
20262
958972
53831
IAAEEIAOA
37208
946226
952565
36629
39831
958633
960675
AEEU
58637
944815
947022
956792
82624
73073
34569
39748
80245
961998
62209
964635
969270
48482
31189
969812
58180
970078
977355
984737
987181
UOUOUEAU
990040
994374
997955
64947
OIOAA
OUIUUIEIU
981362
IUIIOOOOU
968988
IUIIOOOOU
973838
979447
985165
IUEOIOOIO
963350
44618
964953
974744
36629
976488
979267
OIIIEO
982195
35623
OIIIEO
EOAOIEU
965267
966748
44538
971701
40064
EOAOIEU
65106
IE
972402
982305
42083
13407
992003
32727
1000496
1004658
1011888
1014022
1016917
IE
64947
1021579
1028179
38288
1035839
26201
29460
1040949
17220
1050287
1052811
1056341
1064833
69206
1068824
1075611
1084259
28312
1088011
1095404
32555
1103695
1110658
AIEIOEOII
1091991
IOIAUAUE
OUUU
15756
1060673
39139
49726
49332
36591
45138
40235
1065760
20048
1070051
40382
1070456
1079648
43521
58618
26471
1088051
IIOUU
55200
46514
55767
1065072
1067277
OOAAOAA
IIAOAEO
IOOIA
34921
41596
40598
40598
1019333
1028526
1028863
1034590
24290
1042811
17388
68668
OEAOIUAE
EOEEIUOA
20262
20290
25988
28923
1022518
49726
39222
1028179
1037155
1038191
1040967
1048091
1050496
1055931
1064157
44618
UIEUE
1060986
1062287
1066652
1076635
1083315
32299
1092426
1095040
1101560
35370
1102624
1107338
1115347
1121891
AUAU
14940
58095
46284
OUOUIOOUE
UUOEIUO
UAOOI
1080707
AA
1054306
20290
A
32441
1039173
1040896
14940
1043314
1049708
47335
1056570
57526
1057757
1062630
41486
1071206
68668
1077697
64947
1083578
69206
48482
1086586
59108
1095537
UIEUAUAO
1078485
1083671
1088649
1090151
43150
64947
AAEUU
1079891
1084129
1091293
46111
1099632
1103579
1105961
AAEUU
1104216
1109786
1111671
1116672
IIUAIOEU
1116914
1116943
1119988
1122799
44769
1126341
53961
1134959
75402
28368
IOOUEAO
1132530
IOOUEAO
35370
25988
1136914
1139148
68959
1142070
EOAOIEU
47664
41422
1130705
31879
1137336
1139002
28368
43150
1148148
AEUAUEOEA
1142642
20290
AIOUIEIUIO
62764
28923
44798
UOI
1113295
50417
31363
1118181
1126830
13407
1131211
32441
1135499
1143015
1152566
49726
IIUAIOEU
45089
20290
AAOO
1123976
32299
25988
1127998
37485
1128646
37782
EOOEOUEII
40438
1113544
AIOOAIA
25988
68303
IU
1103432
46279
AIEIOEOII
1097968
43882
1106777
1110896
63763
1119031
43882
AIEIOEOII
52739
UIIEOUOOAE
32299
1119494
49332
59108
1122473
1123037
1132383
80245
1141643
27025
IUIIOOOOU
1128929
44798
1134408
26974
1136190
28994
19737
1145903
34235
1146131
1146228
AIIAIIU
1135713
1144463
63763
4392
1148917
1149976
1150243
1152303
1153428
50417
IIOO
41596
1138645
57526
47709
57545
EAEO
1122097
69206
1124214
OOOOEI
1110758
23856
46279
1113394
U
1099350
1109290
1113842
47664
1117324
1117679
1118370
46399
1122413
1124547
63772
1127725
1131087
32299
32555
1131206
1140255
1141867
1150449
AIOOAIA
45541
EOOEOUEII
50937
1108792
EOOEOUEII
1116377
56128
48957
1119415
1128495
69206
1136179
1136336
77326
1137116
1145400
IIOO
41422
1133934
1136854
1140490
1147905
EUAAUOAUA
38288
65941
50619
1150131
1158063
1167501
1171098
32220
1178148
1182232
1186549
1187664
1192981
48957
83265
63763
1197929
1206482
UEAUIAEEIU
1189503
50238
1191367
1192233
1198413
17461
48482
EUA
37477
75758
EUA
EOEEIUOA
1174678
35997
68664
EAAAOIIEEU
1178843
47709
1181611
28575
EUA
28923
76595
1176672
36840
1176783
I
51710
42467
1159524
36591
1166307
1172936
1176251
EAIAEIUU
65106
1151784
60550
UAOOI
1136530
AUIUOOAIAO
1122358
1127990
31363
1136580
41217
35370
32220
1136783
40382
1137876
1146359
1147589
1157028
OIE
1160609
71775
41486
1168969
67841
1175913
1183131
1192548
41109
IIUOI
1176072
44618
EUAAUOAUA
1176439
1183553
83265
IUUAUEO
4392
60550
34670
35997
68668
1159890
45279
1163343
O
1162690
41628
1167313
1175687
1184615
OOIAEAAEU
1171171
36629
75758
AUAU
37947
1163570
49332
69206
1169966
1179864
35576
OUEUI
UUIAUO
26795
1171795
1180742
OUUU
UUOEIUO
AUAIA
51518
1130197
IOOIOI
70453
48978
52379
1108988
37485
51034
49936
1109978
39661
68303
OIEUIUUUUU
1115762
EUA
EUAAUOAUA
1077355
1083999
1084662
27623
UUIAOEAOUU
45089
1083280
1091927
19737
1095795
1102713
1112220
59367
1113452
UUIAOEAOUU
83768
65941
1117863
1120772
13407
32727
UUIAOEAOUU
44618
1126257
1129201
1135038
1143356
1151345
1160665
1167725
1167744
1171156
55965
1172149
1174889
68788
45984
35868
IOEAOEUOUE
1152002
AIEIOEOII
1137802
1141981
1142954
1149400
UIIUAAU
1131456
50619
1132131
1135153
IIOO
69206
1119800
39661
1124879
1133337
1134065
UIEAIUAE
1117522
83265
1123565
56808
1125739
1132580
79791
1138004
1140591
AEEO
1126795
39070
19737
1127350
1136967
1143788
AEEU
42939
1122611
34891
1124168
53402
1132874
27623
34584
1140800
OUAEAAIAO
1133039
UUIAOEAOUU
1111708
1113306
1118262
1123400
IIIAOAUU
26749
AAOO
37838
75284
70034
1101462
51034
OOOOEI
63488
1081969
55059
1086408
AOAEUUEIA
1074469
37947
44026
1079310
34148
1088455
57078
53343
63772
59468
1098313
35454
1105974
1111907
41486
1119765
62007
UAIEEUOA
OAUIEU
EAUIO
31019
84959
1074643
1076385
1079219
56607
1086184
1090383
1099726
1107047
41215
1111093
1113078
1116422
1117863
1126055
1134112
IIOAAU
1131220
1133670
1143539
54584
49936
59513
1152308
53343
AEEO
62007
90932
77981
1127496
1131359
1139055
42467
40471
1147201
IUIIOOOOU
EOAOIEU
83520
36840
83265
UUIAUO
34584
1096760
1105280
1110416
IIUOI
1088726
AE
IIOAAU
UUIAUO
1064584
32377
1072318
1077503
63751
1086419
1092610
51009
45089
1096856
UAOOI
43730
1076053
1078355
1083075
59468
58554
E
1062547
IUUAUEO
1033783
48978
AIOUIEIUIO
1012363
1021254
1024294
UAUUUI
1002913
48978
OOIAEAAEU
996828
UAIEOAAUO
UEOAOO
977471
38288
978533
35370
982763
35997
IIAOAEO
81364
AUAIA
951362
53443
80113
55867
58703
67502
OUAEAAIAO
56757
924011
927899
928043
UEIOEOE
913360
921815
34698
929400
80113
51518
938734
939521
939679
946031
UEIOEOE
946041
UEIOEOE
62701
952953
959796
40380
960067
967725
977103
982280
983708
39544
39070
59843
990206
998064
1003970
1004800
57545
39406
1009006
33620
1011815
1013456
1017700
1019307
55152
1028907
65315
UEIOEOE
1032869
1035984
EEEIUIE
41747
72128
59961
41109
38795
1027819
42898
46647
1037554
1038741
EEIOEU
38017
OIEUIUUUUU
997277
44887
71050
58703
42481
1002242
1003166
1006339
1011231
AEEIE
1008115
43953
64314
1018079
91121
1027106
40370
1030354
27623
51518
1036726
1043799
81364
1049093
80355
42939
1051930
1058916
OUIUUIEIU
1054086
46821
1063867
1071762
1073118
1077536
EUOIEU
1056594
1060235
1069157
1079097
63772
53884
IAAEEIAOA
1082090
1088500
UUIAUO
1066815
1072148
45984
1078946
42898
1084201
1087640
1091050
1091406
EAI
42481
47430
1092239
35997
45709
97684
1094699
EIEAO
1089965
99282
1090555
1096094
45709
AEEIE
1066908
63436
1069360
57763
41707
46821
49910
1077337
1085988
31019
1086826
57342
1094317
97684
1094594
1102789
75016
1111117
1115645
1123540
1127574
63631
1132751
1138962
62007
92429
29538
1141850
63772
38294
47707
IIUOI
AEUIEU
1093177
1096297
1100730
1108476
57545
1108500
50543
1112617
1119044
1128062
57638
63751
OIE
1124845
80355
1126712
1129977
1138018
67273
1144511
35868
1149076
1153143
43649
1156955
1165670
1174985
1180711
1181360
62781
53443
UEOAOO
EOEEIUOA
1159708
1168397
38294
1174338
43515
EEIOEU
1161174
1164454
UOUOUEAU
80041
26749
UOI
1143591
1150807
1153724
AIAEEU
1128624
E
1118033
53517
1123259
84487
82234
E
35997
80081
1124833
1126459
EOEEIUOA
1107483
53220
35997
80355
55340
80355
1115563
1123382
1130987
EIOOAUO
1110104
1117506
1118764
1125151
1131568
82196
OIIIEO
1111389
IIUOI
91121
1112679
1112959
1117407
39146
1119349
71709
1126699
1132022
1141093
IIUOI
1143267
1146783
IOEAOEUOUE
OIOAA
35868
OIOAA
66639
1106329
1109657
IIUAIOEU
OUEUI
1086451
62159
76857
33777
1094233
65431
80081
1101383
27575
OUEUI
59072
1104055
42939
1110774
1113359
1114172
80081
AIAEEU
IOEIUAE
1103090
1107244
62007
1112450
1114731
1124513
1134186
84487
UEAUIAEEIU
99351
1119773
84487
1124772
1125883
1127994
1137858
1146216
1146872
1150431
1154539
27623
AEUAUEOEA
EAI
1136079
EUEU
67502
48662
1132396
45665
102735
40382
1133779
1137033
EUEU
1144239
36840
69004
1148563
54486
1157608
UEAUIAEEIU
1137422
67255
86472
54725
1143295
67255
65868
1147311
1150676
35868
27575
1157555
36840
1160955
45665
70218
1167665
62862
1170733
1172949
1181881
1184634
EUA
57741
1179055
1179827
99351
1180274
1183197
1190834
1195034
AOAEUUEIA
65379
42898
1169171
AOAEUUEIA
1164960
45665
65271
1168286
1178168
1182372
EOUUIA
1169985
1171523
59468
1179941
84344
1186847
1190707
23390
1199050
89137
1199737
60126
1204074
1205865
1215557
OUUU
56242
1209874
1215134
OUUU
26749
1215373
1218299
1218368
82234
IOIAUAUE
1202128
1202859
1204322
1207179
1209741
64668
1215204
1218937
1226730
56666
IOUAUEI
23390
1201267
1203326
1211444
60977
1212776
1221482
34505
38960
UIUEI
1208709
1216063
82196
1223558
64148
1230675
1235251
88213
54764
56242
1238605
71078
41078
1246544
OOIAEAAEU
1227169
63631
1236172
70218
56666
1245183
55037
1245839
AA
1248548
42097
EOOEOUEII
66329
1248983
AUIUOOAIAO
1237938
48144
51106
1244868
1252209
1260843
IOOUEAO
1250588
1256371
1261763
1271082
55037
1274497
OUUU
1268890
1275464
1275960
OUUU
1283209
1289674
1290268
OUUU
1294427
1301747
34505
67756
59045
A
39146
1303965
1307018
59072
1310084
1317881
23390
1325028
35868
94438
1334772
1341263
1342398
1343523
1347405
1349569
1356990
1360096
46514
IEUO
1353917
58131
AUAIA
IOIAUAUE
1332881
AEEIE
1323053
71709
1332725
IOE
1334963
1337653
1338845
62007
70218
34582
104810
55037
1343983
1349598
EUA
1347112
UAUUUI
IOOIA
EAIAEIUU
1288596
1291346
87074
1299725
UU
110011
1289997
1298373
1301521
AEUAUEOEA
42917
1301428
1303279
IUIAOEIOA
66791
IEEIOOU
62007
UUIAOEAOUU
1254204
66324
1262592
1263300
35868
1264931
56242
1267485
1271019
1279205
1285907
OIEUIUUUUU
55692
1275552
1281978
1283951
1284726
1286591
58703
1293592
1300214
AIOUIEIUIO
UIIUAAU
1277499
EEAEOU
1260031
AIAAI
UAOOI
1223274
48694
49106
1225147
1228527
55318
13403
1235363
76857
1238287
47888
34582
EAIAEIUU
1234272
1242038
UIUEI
29003
EEAEOU
1230996
49106
1238817
1243971
53517
1251321
76857
1258923
IOAIEO
1244504
1247731
1254520
AE
29538
53523
1231313
59936
1241180
UU
1228731
IUIIOOOOU
1206485
1212989
1215909
EEAEOU
50888
70183
1215946
1217103
1220310
71078
1229853
41078
1234709
72711
63631
EUAAUOAUA
1224271
1224685
1234414
OUOUIOOUE
59072
1218322
25412
64513
53514
48662
78300
1221002
86492
42366
63852
55012
1227002
OAUIEU
1220435
AEEU
1207713
AOEUU
48449
71461
86492
1204994
1209546
53523
1215637
102735
1217071
1221392
1231361
IOEAOEUOUE
1226227
1227190
89909
1233638
76857
1236778
1237319
1242405
89909
73201
1246690
1246922
1254331
1254614
1261725
IUUAUEO
64128
72711
U
59045
57704
IEEIOOU
25412
IEEIOOU
1218039
52629
62153
60126
80081
1223432
77981
75477
IEEIOOU
61375
OUOUIOOUE
1197672
104810
1203520
71709
78284
55066
91776
AIEIOEOII
82196
51106
AIEIOEOII
63631
1198262
1201518
1210845
1212228
1220649
71461
78284
1221895
OOAAOAA
1219764
AIAEEU
86963
AIAEEU
1204122
1204685
1209677
62487
1217430
1226747
56307
1233630
1239611
61375
61375
1240860
1241027
1243406
1243948
1251911
EEEIUIE
56666
56568
1256365
75581
64284
1259224
1262343
1265531
32780
52232
57168
AEUIEU
1243855
1252301
1261749
1261831
UUIAOEAOUU
1253313
86018
1259229
1268927
1275623
1276398
62487
26749
56242
1279295
85182
1287759
1291694
13403
UIUEI
80506
1296524
1300771
42366
1307261
47309
1314226
64284
IEUUUEIU
63425
IIUOI
1276462
1278922
55451
52232
1279813
78724
1282496
1291459
1299686
1307935
41078
47309
57704
IOIAUAUE
1290873
1297834
1305978
56242
1306592
58045
1314250
46855
97863
1323986
IOEAOEUOUE
1328259
57704
86492
1329070
1330994
1340465
1343763
1347293
46855
EOA
1339894
63631
UIIEOUOOAE
1328408
32780
50888
101890
55451
1338072
63139
47888
1342391
71709
1348310
63425
41078
1351455
1356348
58405
1360764
1367947
63193
UEOAOO
33088
91776
1370920
1379279
IIIAOAUU
EEIOEU
102735
1353439
73201
AAUA
1336774
54486
73663
1338947
1345716
32780
56568
1352621
1357807
64053
1364505
1369790
73663
64128
AEEO
1346806
1350829
1356155
56663
1363110
A
61535
63953
1361353
61882
55037
1370806
1380367
55037
1387170
90349
62153
1396198
1401217
1409482
1410325
1418331
AIIAIIU
55066
1403070
1409257
I
58703
1396403
1398425
46998
67255
1405992
1408650
1415544
1423068
1427940
70383
AOAU
1405749
63589
72288
AOAU
1406424
1415176
91491
1421951
67756
1424129
EAEO
EUA
50724
1400118
1408571
1412137
88090
55066
1413935
IUEOIOOIO
82196
1397633
1405439
UIEUAUAO
1385800
80080
1389083
1395046
79491
107536
1401441
1404027
78577
1412421
89129
59072
1419260
65459
1419655
1421694
1427687
78724
1436802
65459
1444634
IEUUUEIU
1424141
1431486
1441245
60866
1445016
54152
1447343
1456046
AAOO
UIEUE
IOOIA
1397392
39544
1401668
IOOIA
IIUAIOEU
41078
38230
50013
74762
79925
86018
85812
30794
106851
1403363
E
54692
59072
67542
E
1386045
78507
E
IO
1369501
1374864
1382563
88043
89185
1387230
63631
89129
1395650
OOIAEAAEU
1399404
33088
OIOI
1383746
1389107
IEEIOOU
61882
1375154
49106
78577
33088
91491
OIOAA
1364251
1371735
58108
1374762
1375669
1385592
102520
1392171
EOUUIA
80080
1386361
96733
1392043
1400204
1406599
1411358
1411485
89185
68528
56268
1414707
1416910
OUEUI
1412130
1415709
108720
93908
96733
1416708
1416744
1417015
1419842
1424658
57340
IO
43193
1411911
UEIOEOE
1400950
1408382
1409774
1417139
1424466
1432809
1439026
1447875
1451783
56268
EEEIUIE
1440668
OIE
1418271
1425548
80506
53336
1431041
1438547
19149
1442550
1451762
1457207
IIOAAU
38540
1458868
1460135
45327
31166
1468898
1475595
1479061
1488078
UIUEI
AAOEUAE
54692
80783
59072
1471172
1476615
1481679
51660
1486150
1490435
68808
78998
1495841
1504714
1513348
1515396
43193
1518174
89129
68817
96987
89129
1526062
1530400
1536698
97293
31166
1539872
1549186
1557626
59072
54772
1563385
57189
EIEAO
64722
EUIIOEAEA
EAI
1499745
1506659
57649
1506707
1512999
1513007
1514609
1515397
1518515
1520163
1522872
85919
69307
1527217
1529889
61535
1533263
1539592
EAI
62877
1538788
1545525
55066
67945
67756
1549069
1554871
1563053
69313
95983
1571819
UIEAIUAE
1549211
1554023
AIOOAIA
1548816
OIOI
1547650
80506
1556044
1557060
83696
1561336
69976
1566201
83408
1573585
1576043
IIUAIOEU
1557845
1561670
1562347
97649
1570595
IUIIOOOOU
1559636
103537
1560451
1567993
1568820
68528
1573945
101405
AIOAOEEAI
1570004
1570799
UIIEOUOOAE
IIOAAU
45327
56663
OIE
41609
1538522
58108
1538947
63631
1539009
IIUAIOEU
IIUAIOEU
103537
58045
1526840
1526961
78844
1529680
1535245
1536928
63852
IEEIOOU
93338
1527361
1531169
1533978
73048
IIOIAI
97293
U
96504
39079
78836
67412
1506806
1508767
1517451
59141
1521916
1529192
UIEAIUAE
1526885
102018
113411
77623
1531935
75477
1534508
IOOIOI
79491
1522544
1530010
1530111
77981
1532178
55975
96733
59348
AUEUOAOE
95983
AIOOAIA
UIEAIUAE
1475327
1479325
1481119
UIEAIUAE
31166
1481886
1488357
85919
1493549
85766
1493839
60866
1502335
52232
59348
1505286
1514484
IOE
1492366
63852
AUEUOAOE
OUEUI
97561
48662
1464189
91491
1468549
1474342
1479295
EAIAEIUU
1474960
1475196
1481258
58045
1485647
1486218
AE
65441
1462432
AEEU
AAUA
1458105
AEIE
1454514
91491
IUAEAO
74689
1439316
114692
79097
22234
49106
59141
1446704
OEAOIUAE
EOA
1417730
OIOAA
77623
63631
1402995
65571
108967
1406799
1408975
1414416
102018
EOUUEAEO
1391727
AIIAIIU
1383272
1391880
1391982
70402
1399954
57810
AUUOIEOEOO
96504
1379187
1380224
1387008
1390357
1394330
1396675
1398027
1405272
AUUOIEOEOO
1411007
57649
1416219
AEUIEU
1391402
1400773
101405
93425
AEEIE
74689
IOEAOEUOUE
1371207
1379708
1382495
78369
1383648
IOOIA
1371524
1375488
74210
69371
91998
1381489
67945
EUIIOEAEA
1369115
1378098
48116
69371
IOOIA
1375229
1380151
OUUU
IOAIEO
AIIOU
1335276
AEEU
1324831
AEEO
75592
1324185
105256
1325289
1325633
1332621
100920
1336375
41609
1345630
129443
IIEOOIU
67945
1335368
48920
1337117
105307
100920
1344527
1352704
1358893
74774
1364094
1369445
94365
94435
1376737
UEAEUIIOAE
OOOOEI
94365
1355843
1364032
1366457
1372720
78844
1381654
1387961
AIOOAIA
EOA
EOA
1369223
71461
78079
1370298
31166
1370781
1374916
1382647
1383281
EAIAEIUU
49204
OIEUIUUUUU
1346209
1352705
66089
1355461
1360477
1369701
1372762
1381440
1384896
1390236
87097
88048
73830
1391456
1394571
65872
63852
AAEUU
1387764
1393648
AEEU
UEOAOO
45327
UEOAOO
77623
1376910
75592
41609
UEOAOO
1371286
45327
113411
91857
IOEAOEUOUE
1350583
1354952
1356736
1362409
61082
OIE
IIOEEI
88048
1346286
1352095
58045
OEAOIUAE
1330085
1337975
OIIIEO
1325227
UEAUIAEEIU
1306149
1315603
EOA
1300223
107958
1306064
50401
102141
1312018
65425
1317931
IUOA
79491
91560
1303327
41609
117260
1304102
1307521
1310858
1311602
79491
1321123
1329290
56375
1331516
1333645
78295
1336651
94187
1346028
1346918
1351468
EUEU
71680
1341193
EUEU
1340954
EUEU
1342010
1348786
1354625
1361822
AAOO
1347428
58395
114371
71686
1354400
IOEIUAE
105307
33212
IAAEEIAOA
1317220
AIIO
AUAU
1290642
1299010
1305832
71547
1307883
83352
UEOAOO
1300389
1303514
1305921
78295
97642
78844
1314011
IOAIEO
82133
1309630
1313721
1314112
1323981
1328650
1332593
1333736
1341553
1346857
69215
1355976
UUIAUO
114692
IEEIOOU
AUAIA
AEIE
71680
88234
80780
OIE
1295704
1300842
66980
124625
OOEUUA
1300313
1306957
1311699
79508
1316015
1321588
72835
71461
1326157
1329419
1329894
70892
69147
96891
62375
1339615
73218
1349512
110713
1359404
1368489
1375220
78986
61823
1382390
IU
1359816
61823
1360826
94401
OI
1352293
93425
64493
1358534
1360258
1360554
1368200
103797
72452
86231
1371907
1373349
1378267
1378708
1384104
UU
1361790
1369676
1376053
UU
116273
103797
84250
1380625
OIIIEO
1373706
1379081
1386621
1395103
1403270
97642
1403787
66234
1407753
55267
1412309
1414937
1421102
1431038
1434032
1434703
59048
AOEUU
1434394
1440270
95266
1442884
86231
1446971
1448641
1449957
1451278
IUOA
78844
100920
64795
78079
1451105
1452976
1458104
55267
58395
EAUIO
66721
1445617
1452030
IEUUUEIU
1436592
74157
1438050
1448042
1452812
OEAOIUAE
1447162
IEUO
AIOUIEIUIO
1426470
1433541
AIAAI
1412045
AIIOU
108855
76952
1397418
AEUAUEOEA
94221
1394163
EUOIEU
1390159
67637
IOEIUAE
81019
87205
AIOAOEEAI
1356231
1361850
1363512
A
96891
94221
1348374
1352725
74401
60260
AEIE
84208
EUAAUOAUA
1338692
1341333
1349863
79655
1358028
1361061
1362207
64493
1370853
IAAOU
1352225
EAIAEIUU
1341442
1350994
1354763
34784
74189
75751
1361794
69600
1371535
1379710
1385079
1386971
EUA
100107
1359854
1366557
1372214
112544
77501
112627
73218
1374476
1384116
1391998
OOEUUA
96891
1393017
1401824
1404151
1410305
78079
1418143
1421521
106126
65425
AOAEUUEIA
45721
1400310
UAOOI
1378954
98209
1384782
73235
97642
76952
1391527
1398108
134572
1405204
70084
1414453
45721
46525
1423908
1425882
OI
IUOA
1408462
110456
96891
1412478
1413471
1414996
1416344
71727
1422147
1425084
1432903
1433964
1441902
97642
82834
100107
1447030
1455010
1456908
1466729
1471365
1478322
72526
1481373
EOUUIA
EAAAOIIEEU
1443322
IIOIAI
60866
1434331
IOOIA
1422067
60260
EOEEIUOA
73235
71461
64493
90847
69598
79476
66721
UAUUUI
AIIAIIU
72835
OI
EAI
1362042
1371187
110713
1379252
55550
1380111
1384669
1385010
1394185
1396364
AEEIE
1381533
OIE
1365173
OIE
1370379
1379584
IIOUU
1373230
1377462
1380725
1384306
110713
82680
49041
1389438
OIOAA
1394410
OIOAA
UAIEOAAUO
UAIEEUOA
1374052
1383787
1386579
117200
74210
1393424
58966
1395138
89387
84897
AUIUOOAIAO
AIOOAIA
1382162
1390143
1397044
1397951
1402593
1404599
1413121
1418888
AIIAIIU
1398217
1399518
1404815
1412497
1413778
1418381
116273
1422276
1426881
74774
1434622
AIOUIEIUIO
1415817
95891
111062
1418125
AIOUIEIUIO
46525
1417667
1420872
OUOUIOOUE
IOEAOEUOUE
1370736
IOEAOEUOUE
1379246
88234
96891
1384370
1393205
67719
1397434
UEAUIAEEIU
102018
47821
1393082
1402562
94195
1408791
84421
1417081
1417946
1422050
125299
1431591
64493
88234
EEIOEU
1404138
1407296
47073
1409466
110713
89387
1410128
111062
1411534
1412097
1420471
AIIO
1412753
1413177
1413983
64493
65425
1414346
126419
77607
95266
1417788
125299
1427376
1427378
1429822
80780
1434334
1437324
EAIEAEUAU
1417557
62324
110456
94298
68103
1427066
1434261
AEEIE
E
UIIUAAU
126271
119508
100709
93395
1391586
106181
AIIO
96611
93074
58966
1371218
81019
IOEIUAE
IIOUU
EAIEAEUAU
100012
AAEUU
1292749
AUAIA
46525
IIOO
1271101
60866
79476
97054
1277035
1286897
49041
1289673
61886
1294950
1304543
1307682
62654
1308236
79311
143529
EEEIUIE
76952
1306632
1310004
1317840
EEEIUIE
1322406
77607
1330628
1338356
1340335
IEUO
114797
1327165
UIEUAUAO
1316896
108706
64278
1326480
98039
1329946
104017
1333281
94089
OIOAA
1315281
IOOUEAO
AIIAIIU
115558
102838
85241
1281692
1281860
EIOOAUO
96891
89288
1277489
46525
66721
1278622
1283299
64306
109173
1288863
1291507
1291617
77394
54951
84131
1299387
1304042
1304520
66721
1310599
AEUIEU
AIAAI
1297673
1304103
1307581
86129
1316482
IIOAAU
1300126
99234
68103
1307909
1308133
1314024
84421
1319924
105064
1323504
113288
113288
1329616
1338387
122090
34784
1347889
1354574
110456
1358011
124225
1367957
1376596
1379480
1380437
1381013
100012
78079
97054
EAIAEIUU
1368080
1370801
1373391
1378765
68103
80718
UIEUAUAO
92718
1367606
1370728
97614
1373353
IAAEEIAOA
33212
68103
1374728
82460
69600
IOEAOEUOUE
1352534
102997
79311
IO
1343047
1351667
1356768
1358968
1363510
97614
59725
1369562
1374034
1374130
127398
1374989
1378572
1383198
1383767
1385936
1392839
79530
IO
1397143
AEEO
108706
IOEIUAE
122090
UEAUIAEEIU
90731
105064
105064
71878
1345260
108706
IIOIAI
1348338
AIOOAIA
1336610
104017
104017
79811
82680
79476
UUIAUO
87809
118615
1316655
108756
65850
UEIOEOE
1302830
79811
97688
1308059
33212
97688
IIOAAU
1284008
71943
1285081
IIOAAU
1286004
1292651
84327
1292654
