9370
0
0
0
12415
15314
18072
0
26044
0
0
0
0
UEEIUE
OUUOIOA
0
0
0
15860
24328
30774
39414
45613
0
0
0
0
48228
49496
54401
58135
0
61796
OUUOIOA
66156
75516
EIOUIAAIO
81049
86833
94813
100664
106242
EIOUIAAIO
AUEIEEOUOU
84178
6446
89156
OEEEUUA
82140
UAUO
UAUO
EO
45137
48325
56104
60988
0
62669
70849
EO
77724
85519
95015
9360
98414
102717
1268
0
AEUAEUAII
94469
OUUOIOA
0
87661
91536
0
OUUOIOA
0
100174
101970
103712
111812
114382
4905
7395
0
0
122277
0
128969
133258
137522
OUUOIOA
0
OAAAAOAOI
114204
118947
127096
5851
127223
OOU
29902
0
0
0
117649
0
0
123045
132330
138769
146775
150893
5578
156166
0
EIAOIUIA
148744
154619
9513
9434
EIAOIUIA
157711
4884
7795
4905
159669
0
165701
169628
4905
174882
9370
183239
192777
200031
0
IEOIUI
190755
199631
1681
5653
OAAAAOAOI
193185
201334
211287
EO
0
203633
211891
9370
217019
223952
9370
228630
231113
234281
5578
240034
1772
241479
0
251155
9360
EO
EIEO
0
239113
10365
245004
254509
7779
257200
UEOOI
247328
247723
EO
226216
232161
240839
0
242187
0
242978
AOOUEEUUAE
219240
5653
AUOOUE
216654
0
218571
220289
226899
0
0
AUOOUE
233986
17010
AUIAIEIOAI
4289
4978
9370
5578
211840
218345
0
224070
AUIAIEIOAI
231208
235174
242641
0
7395
247922
256735
265340
0
4905
266721
11114
UIIUIIAAE
256715
8759
0
260320
0
261024
10152
268021
0
4264
273684
24122
0
280293
AIIUEUIAU
AUIAIEIOAI
0
240280
0
243790
25877
AUIAIEIOAI
OOU
223751
232873
233862
237586
8398
246301
246920
247414
250703
EIOUIAAIO
243522
252477
253973
0
AOOUEEUUAE
7395
0
235397
239966
AOOUEEUUAE
239632
242290
248730
250997
AOOUEEUUAE
252141
254586
260192
0
OUUOIOA
248934
256324
259071
UAUO
260403
EIIOO
EIOOU
244686
12061
254124
0
IOUIOUIAAU
242340
246148
253663
24122
260957
14751
12646
AOOUEEUUAE
17005
UEUUIAEAAU
214882
44371
219723
227025
228367
231344
25731
235484
239237
0
247180
12646
249767
253572
260389
AOOUEEUUAE
246047
AUIAIEIOAI
236061
238399
18141
240962
249497
8813
256331
266077
269545
276903
0
286093
AUU
24122
14978
EUAUIAIE
273121
IIU
6325
18069
18141
16238
12863
261428
270922
278654
22283
4905
16297
280375
286764
294312
298058
EIOUIAAIO
295001
8759
298007
299603
303458
311836
320220
22283
320291
AUEIEEOUOU
7390
22789
320532
6993
323987
AUEIEEOUOU
7390
314693
317880
AUEIEEOUOU
324729
17318
6610
334028
335227
EIOOU
IEOIUI
294297
296847
8373
6325
306705
315803
IEOIUI
3289
317568
321463
3136
324068
7895
17149
UIIO
306500
314315
323159
328699
336027
342578
351930
359515
UI
350192
358923
7895
AIIUEUIAU
334935
3136
26350
336828
18089
14316
AIIUEUIAU
345141
19744
7390
348584
9055
349696
349997
351031
26350
7390
17005
357817
7390
361657
364392
8373
30958
UIAAEAIEOE
30958
362702
364819
373087
379722
17005
381624
10706
16297
387402
20061
8373
395945
UEEIUE
389164
1681
396860
401008
405275
413748
16454
419955
17005
AAUUAUOOUA
14166
AAUUAUOOUA
412813
421457
428484
432809
440877
444661
3289
449305
458573
16297
10786
465326
468554
473564
20456
AIUOOE
456949
465161
7390
472675
482103
11947
16201
20456
482796
492524
495234
497614
507383
16201
509827
10706
516703
520929
14751
523512
533341
16297
535152
26350
19744
543037
549080
549934
EIOUIAAIO
537678
541044
3289
3289
543363
3905
551658
5434
18868
553426
556558
AAOAOIIEUE
3214
64005
546756
EUUOE
523712
527708
530482
535729
541925
64005
549237
556804
563840
14847
572464
581045
14729
586087
10786
587300
588985
592549
598434
598818
UIA
589908
14864
599063
AE
26149
587243
594894
600997
603161
21947
604667
UEUEOOEIOE
597760
15887
23271
604721
8373
614322
18834
620656
628596
UEUEOOEIOE
EIOUIAAIO
607040
615182
621978
631514
639420
28199
28438
17870
641707
643721
23758
14729
645018
AUOOUE
14751
615262
618770
620036
15887
AUOOUE
20681
621958
AUAE
8759
AAUUAUOOUA
IUIUOI
23113
19571
U
23758
22323
557308
559161
UIIUIIAAE
535776
49446
13035
9055
543683
EIOOU
U
518288
17001
520979
525689
526582
528573
3136
530593
18834
AIIUEUIAU
522743
531298
22283
535139
542249
542349
AE
UIA
AUEIEEOUOU
17870
OUUOIOA
466440
474908
IEAOEIE
447488
452208
48565
455620
28199
14751
464478
465165
472910
43263
474543
EIAOAIEO
21947
457240
463421
28337
41525
43263
28199
UEOOI
443271
443476
452323
UIUIEEAI
438909
447147
451900
36374
453378
454054
14537
455633
463189
28337
469241
30474
EIAOIUIA
464175
AEUAEUAII
34069
43263
EO
429629
23014
439265
444075
OOU
441032
OAAAAOAOI
444566
24767
447000
450642
44504
44504
I
444782
453485
462411
462737
41216
465036
29664
472987
41467
482066
14937
487625
491340
500921
507463
517139
522280
27312
524571
530169
536738
538369
545160
40063
553716
561698
7390
12453
UEEIUE
27312
547236
550343
550903
559531
14537
567166
74595
14537
43336
576383
UI
40063
24767
UEUEOOEIOE
535334
18054
537303
546222
23427
41216
554146
559846
567175
UEUEOOEIOE
573197
573465
578808
19868
582276
UI
52364
553996
556569
562660
EO
38693
33146
24822
UIAAEAIEOE
532369
44504
33606
536398
539350
544135
549722
556006
30668
UIAAEAIEOE
9805
UIAAEAIEOE
43599
538692
23427
41559
544827
553172
7984
AUAE
EUAUIAIE
532712
5461
48710
541284
UEEIUE
518683
38693
UAUO
521800
IEAOEIE
513104
520336
526578
30189
534468
41559
540073
546229
548524
550627
22283
UEEIUE
550499
AE
31308
49446
EUAUIAIE
527873
528750
11670
OEEEUUA
518057
522649
AEUAEUAII
516828
AIUOOE
7390
AEUAEUAII
15246
483295
493153
500759
504961
514930
UIIO
515545
22993
518148
49373
523235
532638
535651
EIOUIAAIO
538958
540077
52436
44504
43142
52436
545144
551685
558187
50358
28382
560038
562713
7390
24822
571676
11969
EIOUEAOU
UIIUIIAAE
43073
543694
553034
AUAE
538677
548352
554196
35837
58425
563739
567541
574038
43073
22993
575022
584756
592502
OAAAAOAOI
572862
575411
35837
583742
590301
27830
58425
35673
595322
602475
611337
618066
36287
623642
633576
32020
639208
644848
UEUUIAEAAU
24797
8373
EUUOE
54166
627989
636329
28133
639087
645799
646445
650279
OOU
641446
25518
IOUIOUIAAU
UIA
617007
35673
622642
624847
EUUOE
47432
599613
45122
AUOOUE
20640
46803
587894
39088
11969
42862
592611
27707
594943
603949
AOOUEEUUAE
50497
43086
24797
592272
43073
AAUUAUOOUA
590882
28133
594201
596719
UI
43498
36952
585639
587586
595331
604857
UE
36952
57266
598178
604720
612886
28336
35766
49142
619918
620071
625556
630182
639542
642554
EE
645930
63128
27352
652350
658671
659388
662148
50497
670463
15246
677456
683174
UEOOI
664525
668592
669192
57266
32295
678852
683668
691755
694629
702519
7390
43086
50358
707011
28133
715317
11969
720963
UIA
709374
27707
EO
687745
689615
694788
695379
701287
705390
710749
36952
710893
717740
724809
725462
726881
730043
EUAUIAIE
728612
732931
43073
738522
747693
57266
49142
751286
29857
761024
767382
774537
783559
789910
7969
UI
777164
787138
51518
789245
790706
796446
32589
796765
801687
802073
807969
37638
814254
820069
30223
25518
824947
830109
AUIAIEIOAI
820659
828250
831909
24797
57105
838337
58425
844981
846359
12754
30568
AOOUEEUUAE
834093
47432
39073
67701
8373
58425
67701
841754
844868
850108
50985
33325
14661
OEEEUUA
846765
63128
847816
856149
39073
61933
29058
AUAE
55722
856150
864821
28336
44658
UIAAEAIEOE
854055
43073
860791
862043
12754
869557
39296
871504
879239
IEAOEIE
UIA
851449
30568
49142
14661
856513
26742
74115
UIA
862329
63128
63128
13416
866361
872295
875870
EIEO
855731
EIEO
15246
861724
870294
77575
875073
27707
884833
892240
UEUUIAEAAU
886088
893602
900854
903696
61270
907566
914328
918605
919640
927994
29058
58739
60256
928279
EE
UEUEOOEIOE
IOUIOUIAAU
899350
26742
901488
68876
OOU
30223
36255
890126
898016
902463
911998
916506
924559
924769
925422
28336
65750
74115
28336
12754
AUOOUE
915392
917046
924272
27707
14661
43086
930440
932028
58425
940996
58739
944273
952791
67537
960382
53890
28336
967728
977062
982083
984724
994020
UEEIUE
37220
41277
26742
64337
986715
988912
993209
14661
998143
1001881
1010111
1013121
1022827
1023753
1026743
1035558
28336
57736
1039944
57736
AUIAIEIOAI
OAAAAOAOI
AE
47432
989382
993078
1002689
69944
1005063
1006514
1011743
53890
1013129
33658
32589
1017887
37220
1025362
1032952
AEUAEUAII
13416
UEUUIAEAAU
1002513
1010209
1011523
1018560
1025391
43757
1028455
13416
1029501
1032150
53890
39467
1038972
1044306
1047404
56855
37220
UEUEOOEIOE
1041195
1043396
UIA
43498
1031374
67537
1039951
35673
UEUUIAEAAU
1021922
AIUOOE
AUAE
57736
1007419
1010962
EIIOO
AAUUAUOOUA
980553
983417
EO
972272
975442
68008
985296
83414
UIUIEEAI
35673
UE
52458
938799
946737
955283
AAUUAUOOUA
945206
945537
UI
935030
937097
942048
945033
73890
946648
948155
958046
963038
970062
973938
OOU
OOU
EUUIAA
29683
59375
939646
943847
947701
952832
29058
961159
966009
52458
41184
69639
63128
31459
31655
36423
966814
969754
978867
980542
981868
AAOAOIIEUE
968159
971946
981052
40313
983348
EIEO
39467
29070
AUU
43910
933694
42059
AAOAOIIEUE
932030
940944
63128
942632
31459
39467
UIIO
16801
920169
UIIO
29070
53008
922284
38405
930336
938982
42059
IIU
939196
52458
944053
944621
36255
56855
946405
44937
AUIAIEIOAI
945556
OEEEUUA
OEEEUUA
45791
932790
940114
946739
951463
954302
958789
56727
59375
959441
966449
967837
UEEIUE
IEOIUI
AUU
915219
61933
AUU
915789
921478
924709
51787
52006
930866
49818
77575
935147
944301
35655
953775
957179
81531
964890
974627
36704
36423
983040
51787
987118
991602
45181
77954
U
970437
45235
77954
73890
80275
54803
980128
87186
983454
UIA
955232
964374
969520
969845
83414
974831
975638
977826
80275
984689
83414
16801
70568
989041
989642
998574
1008480
57419
69434
1008615
EIIOO
UIA
960847
960972
962186
52006
IIU
AOEOIIUUA
61316
930690
932465
73744
49818
46543
29070
53828
29070
938346
941118
50580
948201
41732
951670
73744
55943
41732
955041
EIAOAIEO
934559
940414
62982
IOUIOUIAAU
938748
UIAAEAIEOE
921431
EUAUUA
917103
918085
927279
52683
68719
77549
935769
943290
81531
OEEEUUA
23835
924200
925478
931384
936538
85616
943849
AE
922400
71969
77549
73744
924574
85361
AIUOOE
69434
58116
UEUEOOEIOE
77549
81174
55113
73744
894575
904485
38164
32489
OEEEUUA
906172
46513
36523
UEUEOOEIOE
895997
46513
896447
38164
901973
907790
912332
921470
924318
OUAUEEIU
39534
81174
77549
905881
86651
913905
915505
918480
927496
932003
36423
IEOIUI
922558
923184
81174
924159
AOEOIIUUA
911795
919011
926005
EE
EE
41732
36523
913297
919879
926490
UIIO
AAUUAUOOUA
55525
AUEIEEOUOU
897570
906127
909796
912156
921967
UIAAEAIEOE
IIU
921364
55614
64516
77549
924663
AUIAIEIOAI
901579
901901
36523
64516
906304
78829
907828
914077
36523
924005
934005
80275
53566
38011
934161
85465
UE
932486
UE
85465
UE
931061
OAAAAOAOI
927700
25528
933243
97810
41732
933867
937571
AUEIEEOUOU
68577
929091
931364
41801
936136
941006
80275
943403
38164
41329
946165
AUEIEEOUOU
EIIOO
931573
34470
933238
943202
71580
947036
955997
964931
83763
965497
974859
983966
985569
IAUUOEAIEE
962510
AUIAIEIOAI
41732
956034
961874
967804
972775
977673
987322
991314
999390
1001537
1002261
1012004
AOOUEEUUAE
UIA
41329
992343
998705
50116
1001670
41801
EIIOO
78425
1003451
60223
1005366
EIIOO
71969
1011655
1018662
1026454
1028878
1032148
1032545
1040146
U
69274
1036784
1039242
IOUIOUIAAU
1025251
1030601
1034043
IOUIOUIAAU
58116
34470
71580
90747
1038867
1041128
102133
1050581
1056658
102133
41801
1064306
AUOOUE
IEUIU
1041549
1051533
90747
68320
60223
1058420
1067050
1071880
1074755
1076509
1077802
EIAOAIEO
1061840
EIOOU
75932
1051306
64280
1060743
39534
1067485
1068597
25528
58116
1075829
1079792
69215
UEUEOOEIOE
1068015
78425
1068499
1070571
1076858
108952
1085515
1089778
43904
1093040
1102526
108952
1104977
1111116
1119247
68320
1124994
85465
UAUO
1119773
1121530
1125957
34470
41732
1130853
1135846
1144843
1145598
41329
1153659
67828
51317
1162883
1168369
1172346
1178500
1181984
IEOIUI
1165091
EIIOO
1147607
1156612
1165158
1171335
1173677
1182033
1183098
IIU
75932
1162479
81174
1171738
1177550
1185971
69215
107467
UAUO
1191792
54634
69215
1197195
1205221
1207327
80275
1213286
1215313
1225075
1233871
58116
50076
75932
1234567
54001
1241534
EIAOAIEO
1223822
84208
1231511
88450
1236650
69215
80123
84208
80123
OEEEUUA
1227574
UEUEOOEIOE
78697
1213141
1215406
1216868
UIIUIIAAE
1206431
1208459
1208544
77549
78328
1212026
108005
51317
1216894
1218816
1226383
75932
1232656
1234034
1241428
60223
78328
I
1237697
1243286
54001
1245135
1245154
60223
80275
1248066
41732
1255301
55690
1262756
I
IAUUOEAIEE
61012
IEOIUI
1243127
62395
1247145
1247301
1250825
1256025
41329
88450
AUU
AUU
77549
EIIOO
90443
27203
IAUUOEAIEE
41732
103402
UEOOI
82861
1196092
1205669
65895
1207909
1216502
UEOOI
1222947
1225593
1233161
1243089
1251845
77549
EO
97810
41732
1235647
1239771
84114
1245807
50076
27203
EO
1246519
UIA
1252313
1260049
44485
UIA
UIIUIIAAE
1232288
1236297
97810
88450
1239607
79382
1243848
78697
98091
56759
75932
107467
1247851
1257683
85481
1259156
AUU
1243649
1248348
1256585
AUU
1264045
1265113
1268936
1274718
38094
1280044
110084
1288928
50076
1297356
88450
1306539
55690
89429
1315932
1317715
1324862
102057
1334487
82977
1335843
1338999
1348286
1349961
1359785
1369656
103402
1373101
98091
1378013
1383566
82605
1391087
1397222
84500
79470
1406486
1407173
1414039
UEEIUE
101192
1401138
1405159
1413499
1416726
1421345
AOEOIIUUA
AUIAIEIOAI
1393540
1396395
IOUIOUIAAU
AAUUAUOOUA
1393735
69337
1395620
1404779
75183
61347
85481
1411611
75932
1418310
1418339
1420989
54569
107467
1430248
1433153
77549
1433276
45086
1442900
IEAOEIE
1439475
AEUAEUAII
39601
51317
1437502
1439816
56439
1442751
1443708
EIOOU
UI
1401049
1408776
89969
98873
1414040
1417187
1418257
UI
UEOOI
UEOOI
1394951
39601
1400246
EUAUUA
69337
1384209
1389570
87732
118426
EUAUUA
54569
101192
95909
1395538
91274
96984
1395737
65895
1403436
1408020
1413697
89969
1414465
103402
78827
1414647
1418295
EIIOO
1405748
1414204
1416137
1417279
1426373
95387
1433833
EE
1413307
UIUIEEAI
1391432
107501
1392695
118426
88450
EIOOU
1382896
1384270
1389137
1395604
UIIO
1395956
1400404
1409078
118426
IAUUOEAIEE
1389977
60941
1390405
1394986
86686
1396746
AOEOIIUUA
91274
75494
66817
UIAAEAIEOE
1361133
1367906
79963
79258
1374125
EIAOIUIA
UIAAEAIEOE
61203
93538
75174
1354570
AUIAIEIOAI
1338693
1342751
UEUUIAEAAU
UIUIEEAI
AE
88455
EIEO
1287755
AOOUEEUUAE
1276005
1279602
61347
85367
EUAUUA
1278217
65555
56949
95909
EIAOAIEO
OOU
32442
46972
51433
OOU
AUEIEEOUOU
1236576
AOEOIIUUA
IEAOEIE
108020
58353
AAOAOIIEUE
1204274
1210555
1212494
75084
73966
73966
1220948
85367
1225499
126117
104187
1232538
EUAUUA
IEUIU
99081
1207305
129252
75816
116937
1214448
1219183
1226780
1235818
111419
1239616
1241266
93902
102813
1241451
OAAAAOAOI
82236
71252
71252
1228109
67887
1233632
1235292
EIOUIAAIO
1214218
1219379
1228895
101645
75174
129252
1238044
1245025
1253523
1253875
87732
1260301
1260420
32442
1267904
129252
1276878
1278634
104388
UE
102813
1273235
1275049
1278650
1280179
UE
87732
1282700
1283249
1288636
1291641
104187
124538
89346
UEUEOOEIOE
OEEEUUA
32442
1279519
1281355
1286750
67887
65811
65095
87730
1288931
OEEEUUA
83608
1290709
OEEEUUA
100880
EUAUUA
1282552
112778
EO
1283981
1291691
AUU
1271906
1280562
1282579
1287281
1295270
1295547
56949
1296176
1305529
111501
65811
65811
1314049
1316900
1318005
1323536
93348
122313
1331907
80169
1336840
1337349
1341980
66817
1351671
85367
1356257
1364671
118864
102661
IAUUOEAIEE
EIOUIAAIO
1343986
EUUIAA
OUUOIOA
129252
1313167
1320817
50074
1329118
1336129
102813
124538
62227
1338155
1347635
EE
1335160
1344180
1348619
EIOUIAAIO
107774
32442
112019
1333501
1342219
1348642
AUU
77379
AUU
1348016
1357573
1359370
1364060
AIIUEUIAU
1355456
AIIUEUIAU
1365093
I
1366577
1376358
101956
1379719
1389073
65631
I
76675
67857
1388950
OUUOIOA
76675
67887
1391480
1393074
1399883
67887
1406983
112162
1414497
1420036
46972
91689
1428178
1430036
1435421
111501
1437908
90574
1438651
1448036
OUUOIOA
1445441
1450743
57768
1454027
111501
1462534
91607
90574
EO
101956
1456684
UIIUIIAAE
70935
1451754
1459448
1461673
1467922
1477717
1480503
46972
1490255
1498116
1498279
IEUIU
1479298
AUIAIEIOAI
1471636
116907
1472983
62227
IIU
1477398
1479626
1480732
1482724
1484422
1486461
95325
1488574
132736
1495204
1502440
97056
89418
62227
1507151
EIAOIUIA
1479025
97056
1484315
77911
1484472
1484976
102813
68564
EO
1472767
AIIUEUIAU
1461524
79073
1462232
1470945
1475176
IEOIUI
87041
77911
EUAUUA
EIEO
EIEO
108839
AAOAOIIEUE
81616
98677
112019
71808
1425397
82865
1434000
56949
1438981
1444503
1444663
82865
1450513
1458163
1463184
UIIUIIAAE
121635
1439622
104187
1442730
1450333
IUIUOI
EIEO
1444447
126872
62923
1453923
98727
1461732
AUOOUE
AUOOUE
98677
90316
1449950
1455170
96633
1455784
56949
1456897
62923
113330
1465280
1469385
80157
1477048
102195
1479366
94433
1482957
1485806
67887
1495059
90574
1501256
77911
1510359
AIUOOE
EIOUIAAIO
AUAE
1468100
1468688
1474328
97866
56949
1480464
1484406
IEUIU
126891
1479139
1479615
97667
1484891
AOOUEEUUAE
56949
1461871
124538
114084
1466551
67887
1475214
84893
97667
EUAUIAIE
121045
1456548
EUAUIAIE
1455644
1458150
I
112778
70935
1442253
34291
I
1446036
112778
112778
1447864
68612
1451628
106665
68612
70935
UEUUIAEAAU
144256
1439815
112778
1443434
1447247
1449588
54998
54998
70935
1455138
1461980
1466441
1468010
102813
84893
61073
84893
114084
1468918
106091
34291
1475688
77911
AIUOOE
1473595
127971
1478460
87732
81616
112751
EUUIAA
69057
1459639
1468777
1472631
123603
1481617
1482751
70935
1490017
1498235
1505885
1506326
1510415
1518598
80721
69057
1524200
1533139
1533683
1542124
1548352
142151
61835
1550325
1551122
1559317
EIAOAIEO
UIUIEEAI
1523561
97866
IEAOEIE
1524758
EIEO
1511147
1513278
1518448
77911
96633
111576
81616
1519035
69957
1526582
34291
119837
122313
1535706
UE
122313
1511403
1513406
114214
1518622
1526508
110332
90660
1534381
1540475
EUUOE
63191
1524153
100374
102813
123603
1531872
1534469
142151
1543687
1543953
1550967
100374
1560345
AUIAIEIOAI
66524
1559642
1560659
1565564
111576
1572532
115670
118169
1573445
102915
93455
1581913
1591160
110332
1593800
1599116
1599530
1600778
1609231
AAUUAUOOUA
123603
1604721
1610919
EIAOIUIA
OEEEUUA
1583062
92219
1591980
1596548
1602273
111576
90660
77911
77911
AEUAEUAII
66524
1605194
89137
EIEO
1599686
1605594
1612699
1614459
1623217
1629575
1636214
1640849
106964
1646150
118560
1650915
1653523
1656090
AAUUAUOOUA
UEUEOOEIOE
114701
92219
54998
1612580
96633
UE
1611878
76576
1620308
1627599
1635434
1641414
80560
AOEOIIUUA
118169
1624932
1634247
IAUUOEAIEE
129988
1614352
90316
UI
1590256
102813
135165
146039
131742
1599395
112800
106964
124713
EIAOAIEO
EIAOAIEO
AUEIEEOUOU
1566385
1575121
1575793
153969
1585304
AOEOIIUUA
92219
AOEOIIUUA
1557538
110711
54998
UEEIUE
137473
93459
153969
1560607
80225
OUUOIOA
1554699
1558083
1563106
1570746
127863
1576598
97667
AEUAEUAII
80157
1553815
1560140
EIOUIAAIO
1558889
1565330
1572558
34291
93459
125976
1576622
1585478
EIAOIUIA
85739
1571811
122728
1578365
1583238
AAOAOIIEUE
1562299
1565827
141653
137090
87732
119478
101501
EE
1569033
1575291
101501
80721
EIOUIAAIO
1564282
1570359
UEUEOOEIOE
114025
83148
87732
1554166
1557050
127104
118324
1561313
OUAUEEIU
137102
1563588
1572314
1581569
1586243
83148
1593448
110711
80721
1597737
1597880
1603348
1603918
UAUO
1598277
1598392
1604631
82920
1614488
142556
1623455
1631337
113989
1637062
98553
1637977
1638710
102133
1639896
1643000
1651098
EIOOU
EIOOU
1635042
122559
135286
1642175
141653
I
97667
1636331
144075
1644061
138592
UAUO
1633985
142556
1642921
126904
120817
1643090
EE
EUAUIAIE
34291
128764
125344
1597694
101501
1605723
AUU
119478
1593074
1595394
1595603
1595608
1595982
1598242
1602615
1606050
EIEO
1603468
1611204
34291
EO
1590080
1599775
1605749
1606568
150802
1612611
114025
106200
96477
1613553
1622492
114341
AOEOIIUUA
1617210
1620209
90316
1629731
1632228
98553
1634344
1644079
1648083
34291
1652158
1658390
118346
1659887
101321
120817
1660627
101321
1668472
1674710
142996
1677349
1684481
EUAUUA
92836
137102
1664347
EIAOAIEO
1659353
1664815
1667218
UEUEOOEIOE
1662782
137102
1664245
119685
1665725
1670825
1670872
1675633
1678464
142996
1684111
118806
85101
AE
1668723
1672760
1678827
1679995
AUAE
1676766
92836
1684111
1690791
1693623
1696117
1701186
1709520
121735
143187
1716426
1717606
118324
135165
AUAE
1717986
162356
76033
EE
1707592
98553
126256
1713119
UIIUIIAAE
AAUUAUOOUA
1670094
1675943
1681524
102133
1689922
IEUIU
EIOUEAOU
EIOUEAOU
147035
1652356
EIOUEAOU
1647550
118324
103632
103632
1647588
1652565
1659054
1659981
1663831
124410
1664190
IEUIU
1653021
1657300
1666317
1666709
IOUIOUIAAU
1654390
1661787
1664318
1670765
101207
IEAOEIE
70230
90316
124410
1664639
1671033
98553
1680143
96754
IEOIUI
119795
94861
1674641
70230
IEOIUI
1677313
1678344
64981
1682899
137781
101207
1690859
1700184
162356
162009
1704953
101207
1714693
1718539
AIIUEUIAU
73326
43771
1714175
127869
97389
106200
1720570
1724331
73326
1725462
102133
1730993
147951
145022
1736027
125344
1741171
1744822
1754255
139256
1761436
1767925
1771162
1777334
1785651
1791698
101207
1796915
110076
EIIOO
137102
144075
1780274
135471
124410
1783383
89172
AUOOUE
IIU
1742920
1743136
1746751
1747641
149444
1755056
1759866
173102
1761797
1768540
UIIUIIAAE
103677
1770837
1779795
103677
1789215
1793449
135442
89172
1801637
1808988
1812624
96834
AUIAIEIOAI
89137
EIEO
96754
1794990
OAAAAOAOI
97389
104595
105038
112850
EUUIAA
1768745
1773419
106427
115100
1776543
1779131
1781876
EIIOO
1763800
EIIOO
1759400
103632
149004
147153
149444
EIAOIUIA
1737969
EE
1729868
128363
138696
91958
129718
1731836
144075
83825
1740628
1747678
1750194
119795
93090
147951
1759140
93090
1764300
1770875
147165
1777802
1777876
1780326
1787875
83825
147035
1793903
1800207
1809437
112850
OOU
105416
151436
1806754
122728
IEOIUI
AE
1770023
1771120
UE
AEUAEUAII
117143
EIOUIAAIO
EO
1720930
1728071
154844
1733353
UEOOI
EIOUEAOU
147153
147165
AEUAEUAII
1713712
IEAOEIE
EUAUIAIE
1673839
136746
1676729
EIAOAIEO
1663342
EIAOAIEO
1671028
1673603
96834
1682736
103526
123659
1688694
1690236
1694337
1700855
1703041
110018
AUIAIEIOAI
1697256
126974
1697761
IIU
UIAAEAIEOE
1665223
1674968
AUOOUE
1663403
92173
1673115
155601
151486
1682791
1686956
98613
151486
183076
136746
144081
AEUAEUAII
151712
1675086
91221
U
1655554
1661356
1665420
1671538
AIUOOE
140162
110305
UI
1649353
1653387
1656077
1660659
UAUO
UAUO
1651119
140162
92173
1652481
1659068
AUEIEEOUOU
1642079
166404
EE
1640304
116934
IIU
133515
156042
1623962
UEUEOOEIOE
1620461
163469
1621477
1625916
110018
1628424
1633873
1640715
1644622
1654153
1658184
137333
172943
64981
162299
1663502
1664783
1672226
146765
1677738
1681453
1682455
1683943
1686367
95419
144405
133515
1695133
1702532
1709210
1709598
131646
1718376
UIAAEAIEOE
132466
1722137
1729175
106324
1737564
158533
UIAAEAIEOE
1726682
1736435
1740872
110124
113149
162299
1741043
1744368
1750256
171419
133515
1758725
148489
1758990
1760002
1762556
1766031
AIIUEUIAU
84922
1767338
1774362
AOEOIIUUA
AAUUAUOOUA
1744875
183076
126974
1751681
1752424
UIIUIIAAE
AOOUEEUUAE
1718821
149518
163720
1724699
1729504
1732478
1740211
EIOUEAOU
141916
126281
UEUUIAEAAU
1718746
103849
1723249
1725276
1733194
1735097
1736277
EE
1724621
EIAOIUIA
1707049
AUU
1697854
1704547
UIA
1689444
IEUIU
1669957
115708
1672901
UEUEOOEIOE
1652477
156042
1653331
1662510
97825
116934
140864
140864
AUEIEEOUOU
141156
EIEO
1630602
1638711
1643010
1644140
1650653
166404
1660636
123525
1661086
113149
1663743
110124
103849
1669298
1673988
75511
OOU
113149
1654670
1659425
1667379
103849
AAUUAUOOUA
1659153
1666293
71995
116934
134518
AUU
146360
103849
AIIUEUIAU
1627277
1629519
146360
1636548
1636719
UIIUIIAAE
UEEIUE
172150
1612293
UIUIEEAI
EIAOAIEO
1592835
1596139
1605915
1611786
163070
1615954
116321
1624836
1631597
1639692
142201
159939
EIAOAIEO
1647229
1652262
1661761
AAOAOIIEUE
IUIUOI
UIIUIIAAE
1633078
1642365
1642587
1649627
115708
1654583
1663379
1667137
1668128
OUUOIOA
1641325
1645950
186058
1649973
105721
1651759
1658946
146360
141916
1665838
1675216
1678916
OOU
105698
IAUUOEAIEE
1671773
141916
1677934
AEUAEUAII
1666052
135074
105418
1672007
131150
131150
1681368
1690312
132381
1699220
1705506
IEAOEIE
1691575
1695016
158424
1695513
159939
1699967
AUIAIEIOAI
163886
113643
1695077
159939
1703479
1710975
71995
1720899
1725475
121026
UAUO
1728856
1736959
172150
146765
UAUO
1738090
1741827
1749079
1753706
IAUUOEAIEE
1728423
113034
1731625
1734876
1741599
1751089
OUUOIOA
1744819
1746476
173749
EUUIAA
1743398
1745371
172989
1751773
1756363
1761212
1769581
I
115275
1750387
1760213
187610
1768592
1771788
1777272
158424
I
1784256
1786660
1790693
143948
1793244
1796843
148496
1802803
1810241
1811892
150239
EIAOAIEO
1793064
117925
1800722
1807956
169726
118939
147210
1813485
1821404
111275
121947
1830245
135163
1834677
OUAUEEIU
1826859
AIUOOE
1804851
1814365
1818573
1825722
1830296
AIUOOE
172150
1832319
102548
133873
112903
1838960
148496
1840821
114976
1845007
142201
1853521
117925
1855096
1861322
IOUIOUIAAU
136546
1863276
EIAOAIEO
1843596
1851860
1851944
1853937
EUUIAA
1841928
1845714
1846500
115648
1851556
1858166
1866547
1872990
1878576
1886980
142201
1892816
1894069
1902182
1908675
113643
1918275
1927858
1932640
OUUOIOA
1909782
142201
163772
134082
1919108
113800
129962
UI
1923420
1931557
1940103
UI
1943606
1951156
136546
1951710
1953689
169726
U
197842
173749
115648
1944750
1945209
1951367
UIA
160475
1942457
1944640
1945121
OEEEUUA
AOEOIIUUA
135163
158121
1903619
149518
AOEOIIUUA
AUAE
1885320
OEEEUUA
1856050
1863930
152018
OEEEUUA
179211
EUUIAA
1858218
1861997
123485
1870292
1877200
1886545
1891239
1893788
146360
1895667
UEUEOOEIOE
159559
1882419
175760
127084
UIIO
145355
EO
1866443
158121
EIAOIUIA
AIIUEUIAU
201098
1838522
1843757
177470
1844627
1853992
169674
146360
1857428
1866531
1874708
AUU
AUU
185225
1848930
1858544
1860636
1866541
1870628
1872079
UIUIEEAI
1860822
1862436
126771
1866234
179211
1871875
UEOOI
UEOOI
1851156
1859638
145355
149518
1861989
166790
185225
127084
UIUIEEAI
119705
1854602
1857641
1858169
1866161
OOU
1853992
85187
102548
141665
1854763
177470
1864093
1864503
EIAOIUIA
149518
1856934
1857615
1864241
179211
1871457
1876624
163772
135009
182035
1877945
149643
1885439
1888503
147178
EIAOIUIA
1884315
1894022
85187
1897408
182035
127084
1903926
AIUOOE
1879105
AUAE
1865339
1874896
1884228
1893645
175900
1899366
1908017
1908968
163772
UE
1902999
151941
UE
1909224
169674
108974
153003
AAOAOIIEUE
160484
123485
85187
1893826
AOOUEEUUAE
165091
85187
189432
1893488
1902512
EIEO
135009
1881941
154829
1883279
177470
EIAOIUIA
1880350
147178
1885469
1887366
1895476
85187
1903374
186396
1903451
78579
1909799
1914397
129246
1922855
OOU
176802
121874
EE
UIUIEEAI
146486
1887967
AEUAEUAII
123157
EIAOAIEO
176802
1875438
160484
1877286
113800
1883056
1889637
1890588
113800
143475
140188
1899651
153003
190702
163772
1900941
181893
158113
1907836
169890
1915174
1918075
EUAUUA
169597
176802
143475
132118
1906254
1914634
154829
123485
1922467
177470
IEOIUI
205031
1916511
1922228
78579
163772
1922984
1929260
1931645
1932269
140188
1932646
113800
1934425
150549
153003
1939912
1942710
1945100
1948674
129845
1953453
1960317
179803
1968095
146486
1970129
132118
1970964
132118
IIU
179803
1954958
EUAUUA
AAOAOIIEUE
EE
169597
EE
1908727
1911346
EUAUUA
1907850
EUAUIAIE
1894349
165101
1901715
1904474
115080
EUUIAA
188650
EIOOU
154228
215848
167304
1884053
1890048
UEUEOOEIOE
1869834
1869951
1871208
159989
195354
1879554
UIIUIIAAE
124726
141665
149895
1866674
1867080
1870272
1872116
EIOUIAAIO
1846983
174088
1850766
EIOUIAAIO
1852452
UIIO
1841996
1845596
1852584
1861746
1864436
169597
1873101
1876434
1879614
213977
135444
111687
UIIO
UIIO
EIIOO
138637
EIIOO
1845339
1846667
1851632
149779
146486
EUUOE
1837817
1841316
194832
1846119
194605
1852465
1854542
OUAUEEIU
AIIUEUIAU
1813810
UAUO
129631
1811162
OAAAAOAOI
IEOIUI
170392
187594
1785261
1790290
82306
169890
IUIUOI
213977
OUUOIOA
1774817
181947
207959
1783579
1787717
120091
154008
1797088
OUUOIOA
146486
1804493
UEOOI
82306
1791051
1796577
120091
1801031
1803900
170409
1810291
1819891
1822792
1823334
1827918
188650
120091
1830834
1840151
141684
194771
1847968
157336
1856576
1862412
1862736
1872584
1882455
216945
120091
IOUIOUIAAU
1855929
202753
1860341
1870130
1879335
213977
1885121
99650
1887777
1896560
1903932
1908170
1915778
1922606
193015
1928321
1936181
1941534
170970
1946780
155697
1955298
97825
1962066
169890
194832
1971344
1977530
1985959
191120
1989306
1995707
222258
1998973
195621
2002321
IEOIUI
IEUIU
180348
1986192
1991098
1999063
2007049
2010590
174088
139104
2018790
170970
2020985
2027324
AEUAEUAII
2012841
IIU
1992771
193015
UAUO
1977594
1982397
168642
1990126
AE
1977980
90695
EIOUIAAIO
193015
1958618
194832
EIEO
1934360
136048
IOUIOUIAAU
1929733
1935488
139104
1944769
118559
1953668
181974
EIAOIUIA
90695
EIIOO
OUAUEEIU
1929210
1933065
1941661
164391
162413
1945515
214242
1948680
1951677
1959580
1967257
1972397
209862
1978905
1985074
1986062
1991537
1998990
2001154
2006770
156054
2009260
2009671
2013711
152106
181974
103703
2020141
99650
2020142
2028454
2037890
2047349
144722
AOEOIIUUA
2030375
2030855
2031001
2035019
164391
2036222
169890
AE
2028901
2034956
2040916
2048301
EE
2028719
IOUIOUIAAU
2023120
2029202
2036747
188650
2041784
214923
216656
2045691
191120
191120
139104
2050775
2053325
109258
EIAOIUIA
2028827
2038178
169645
2046605
154008
2052046
2059700
UE
EUAUIAIE
2019344
2026338
132297
2033741
2042466
2045873
2055186
2057268
169645
EO
OUAUEEIU
2028474
161369
2029872
134250
2034518
134250
UIA
2016955
UI
2001590
169645
AUOOUE
209862
176982
136048
1994395
155697
129237
1997594
208701
154705
194497
EIOUIAAIO
EUUOE
107293
AOOUEEUUAE
142003
1955960
UIUIEEAI
142994
142994
1938093
1947171
1954249
1960241
135979
188650
IEUIU
166514
1941143
216656
1948855
1958336
1961158
1965683
107293
IEUIU
1967623
156054
1974269
1974979
170392
173802
1982423
1986638
1988571
1996115
2001146
2003494
2003992
166514
2008438
188650
129237
2015738
EUAUIAIE
1990797
142994
AOOUEEUUAE
1985923
1995302
1998544
2002303
2010914
2014935
2023127
AE
190147
2003058
2004416
2009453
2017498
IEUIU
1998554
170797
1999639
2000365
210646
216656
2009861
127441
2019658
2022140
173802
2028082
2036131
2042491
2045123
UEEIUE
142304
AUU
EIOUIAAIO
172224
AOEOIIUUA
AUIAIEIOAI
155697
172224
EIEO
227435
1974942
157109
EIOOU
AE
AE
OOU
IUIUOI
1936170
127873
1939913
1946006
UIUIEEAI
210531
193343
1944279
1947759
1951246
1959267
IEAOEIE
U
188817
142304
1922618
210190
1924185
198994
1928859
1938170
1941951
1947696
1952286
1959613
EUUIAA
155697
1953196
IIU
1939745
1945366
1950834
1960166
1960837
1967703
1974647
1980062
176982
1985453
1987019
1987184
1997066
2003026
2007980
UIAAEAIEOE
212253
1983349
1987720
168742
1987797
1993803
IIU
1981253
223459
1981719
1983099
171453
1985287
1994566
EE
1982736
1990637
175301
1998260
1999312
2002808
2004726
2009226
2014289
198994
2015603
2018814
211438
2025383
UI
IUIUOI
2023340
2026183
2031096
214923
149500
2034865
152106
AIUOOE
OEEEUUA
2014583
AUOOUE
AUOOUE
AUOOUE
1999653
2008301
2015800
2016316
2017344
2024671
2026176
149500
AOEOIIUUA
105844
191407
164747
167204
2019987
231018
2023629
2027379
184845
2029835
2030352
2040079
2043556
2050248
2050960
171453
OUUOIOA
168742
147602
172113
193995
2040182
193406
UEUUIAEAAU
2033279
191407
152106
174445
2040491
2044227
127441
2048242
2054804
2057602
2061187
2063954
2064573
179095
2073519
179343
148610
2076204
2082078
164747
229428
2090114
2091197
2094577
2103736
152859
231018
AUAE
IOUIOUIAAU
2069948
184845
2072314
127441
2076818
2082408
179055
UEOOI
180512
179897
2084551
179897
2089833
211438
2099376
225447
229786
2101192
150240
148907
179095
2108064
2108888
148907
2109241
UEEIUE
2091806
UEEIUE
193406
2097146
2101068
179897
2106517
2108499
190757
127441
152859
UEEIUE
2115453
166973
196967
IEOIUI
2101906
AAUUAUOOUA
2091463
2098705
2098874
2100045
184845
2103819
193136
2105591
AAUUAUOOUA
2105351
2110885
198994
142388
164747
2113955
AIUOOE
2100756
230259
105844
194990
2103417
198994
UEUEOOEIOE
2103610
2105857
2115151
2124356
AUIAIEIOAI
174445
2103458
2112429
2116442
2124728
179003
2130949
163404
EIOUIAAIO
2123978
134057
253360
2131969
2135474
AAUUAUOOUA
199399
2122277
AUEIEEOUOU
168742
232997
AAOAOIIEUE
148907
2097605
2105491
2112378
OEEEUUA
UEEIUE
2095696
2103125
142003
2109581
2119026
2125769
2132540
2136551
2144296
2149756
2153017
2162965
2169836
126633
164667
2172190
2175903
253360
2179130
2184184
182284
164667
2184535
176052
165195
2186678
198994
OOU
2184713
UEOOI
193136
2185824
AUIAIEIOAI
240092
UEUEOOEIOE
2160024
240626
2168583
UI
OEEEUUA
179095
2136344
2142788
OEEEUUA
167777
2149776
2153050
208739
2157967
UIIUIIAAE
AUAE
AUAE
2109176
UEUEOOEIOE
169834
2082236
2086214
AIIUEUIAU
175855
168742
260576
2068120
UEUUIAEAAU
2061812
2062906
221732
2071798
229123
2078538
2086643
154580
UIUIEEAI
AAOAOIIEUE
2052664
UIIUIIAAE
2036391
2038716
2038907
2044348
193365
2050899
OEEEUUA
195070
2045651
146855
148907
UEOOI
2039857
2044620
AE
241109
175930
191407
2036790
AE
2041959
2050388
176532
2054068
2061443
EUAUUA
2057774
193136
2065534
AUU
148351
2049347
UIA
153131
2028482
OAAAAOAOI
2003739
217105
2007582
EIAOIUIA
EE
229786
1998483
EUAUIAIE
1993011
1997965
107878
2002647
236889
2010551
134779
183720
177154
UIA
1996929
230795
1997131
229786
1998134
225880
175930
2000160
229786
172219
2009405
EIOUEAOU
1993683
1994273
1999360
2006777
232554
2013044
229786
2022636
144007
2025762
144007
153131
176075
2028967
EIOUEAOU
182537
2028051
263266
2030236
2031843
2040702
2041560
2048569
EIAOIUIA
2028694
229989
179810
2029686
2036463
219222
175606
2036542
2038348
EUUOE
222336
238966
229786
172219
EIOUIAAIO
IEAOEIE
AUIAIEIOAI
1959925
147598
179810
1964091
177466
AUOOUE
238226
228109
193136
IEUIU
1947810
1949586
179810
1958030
1959412
1964056
177466
1966765
1971582
1974975
239508
1978418
225880
229786
1984574
1987828
1996812
2003064
224018
175606
2008730
UI
175606
238226
1991918
1993672
154739
IIU
1996521
2002602
166568
181714
234265
UIA
230795
268030
152099
2002272
AUAE
1992323
1997245
EIAOIUIA
1971929
1980277
175930
1981293
1987639
UE
AUEIEEOUOU
1944316
161108
203069
1945315
1953759
168674
1962101
1970519
1977640
282599
249708
AE
154814
154814
1968409
176075
166568
1970203
UIIUIIAAE
179810
UEUUIAEAAU
179759
EIOOU
1916330
195737
195070
1916866
175930
1919395
175930
1919983
1927766
228786
1933689
1943035
234754
1944488
1947762
OUUOIOA
1945432
1946653
1951039
1956942
234398
OOU
248926
154459
1938675
185895
1945763
152099
EUAUUA
1934082
1939745
IOUIOUIAAU
154459
248926
1941163
1945391
1954698
1957205
1959883
263145
1969605
234754
172543
1978470
1988158
UEUEOOEIOE
1983664
158161
UEUEOOEIOE
152099
1986846
1996022
EIOUEAOU
235182
1974139
190655
1982102
AOEOIIUUA
1971280
1979223
1984694
1987497
195480
1990403
1998359
AOEOIIUUA
127179
1997660
2004891
166568
184834
2009889
2018183
2020245
2024946
2028402
2036900
EIOOU
184275
OOU
184275
166254
248926
235182
2004502
2010810
2014757
151748
195480
195480
193136
2017766
154459
220656
2023023
2028687
2033972
172543
2039242
2048425
2049408
2050793
245694
OOU
2055719
2056072
2064195
UIUIEEAI
188129
UIUIEEAI
EIOUIAAIO
160998
252873
IAUUOEAIEE
EIOOU
2005256
2009826
229786
160998
EIEO
162964
OUUOIOA
AUOOUE
IIU
1961357
1970226
1979645
160998
243293
200297
199879
185895
1980594
IIU
1988167
195678
1994963
2003335
2009596
2016664
198752
2019861
IAUUOEAIEE
167445
207109
168674
232536
UEOOI
207457
182685
1998012
2006545
EUUOE
2005063
232536
2011620
168674
172543
2015544
195678
160998
AUIAIEIOAI
201031
261185
1999267
2007632
AUAE
2011742
U
168674
248926
2007081
2015239
2024199
OAAAAOAOI
2002818
169373
2005705
OAAAAOAOI
169373
2009249
EUAUIAIE
2002410
UI
213045
1999803
184834
2003018
194580
2010931
AAUUAUOOUA
182685
1999884
1999908
248330
188129
2002826
2012655
AUU
2003445
199899
2009301
EIAOAIEO
2005618
2008249
2014053
300177
2021881
2028007
OEEEUUA
200297
2025399
2027573
168652
168674
213539
2029651
238161
2034900
168102
EIOUIAAIO
172543
152159
2027056
AE
172399
265092
243729
245694
265092
UIIO
1993916
2000864
200297
213045
2003564
EO
207109
UI
196513
185359
1995916
2001432
AOEOIIUUA
1982094
1982841
213539
1989675
UI
1993226
2001074
172543
EE
1991210
2000323
2006897
194510
2012281
IEAOEIE
205891
2013340
2022169
2024247
2027211
2031827
AAUUAUOOUA
170137
255774
2015670
2023024
2024701
2034490
2037303
2046935
270690
UEUEOOEIOE
2037112
AUIAIEIOAI
2017585
2025972
207309
265092
UIAAEAIEOE
2004385
OAAAAOAOI
203824
1984589
200297
EE
246876
167457
1959248
1968405
244070
192973
1970186
1979013
217560
EIIOO
AUOOUE
1958613
EIIOO
IUIUOI
1950388
1954700
1961980
1966832
1976411
1981837
255927
200297
1986024
1986853
IUIUOI
1977829
190774
1978015
201031
1979087
IEAOEIE
203824
163660
1969710
1978655
1978724
244070
EUAUIAIE
AUAE
1934379
1936003
1945469
1955066
204082
236694
1962155
EUUIAA
251029
1957316
1960455
1970001
223663
1975062
198108
1978419
162136
203824
1980913
1986861
UIA
1976710
IAUUOEAIEE
243382
236694
288680
201031
1969949
IAUUOEAIEE
1972351
1978007
OAAAAOAOI
1964438
1965926
223663
UEEIUE
1960880
1963507
195808
OOU
207309
1943019
194510
UIA
163660
1926875
1930214
1935163
1935403
1935586
1940706
I
1920785
UI
1902547
1906541
1915348
255927
1915769
185131
148183
206667
167445
UI
1914193
288767
179929
1917350
185131
1920415
1926812
1926957
1927516
1930996
1939933
207346
1943643
194510
1949218
233577
AOEOIIUUA
167445
1942159
EIOUEAOU
268413
164974
AUAE
1932260
1937653
OUAUEEIU
268956
1929539
1934167
198870
255672
201031
289326
233577
1940996
UIIO
1931538
233577
247393
1933240
1938368
EUUIAA
1926249
EIOOU
182031
1917770
1923890
197442
268413
1933890
207346
1940485
1940854
1948000
IIU
1948185
1958055
217483
1963477
1968508
1974807
IEAOEIE
244235
199474
1963783
1972430
AE
218375
1955403
1956210
1963007
250365
212369
1971070
1978102
190774
1979636
AE
217483
154224
AE
1985137
1987311
217483
250365
253530
1988728
1991769
2001297
2010914
UE
2006187
2015454
285455
2022854
246880
176505
2031641
2036729
AUAE
2026226
EUAUIAIE
2020050
192640
2021464
250365
2022092
2031789
199582
2041068
2048313
EUAUIAIE
2052210
207346
2056611
2061811
2063364
2065865
244235
199474
289326
2072751
2076230
UEUUIAEAAU
2076061
2085686
2091425
246880
2093486
289326
2099540
2105592
2110891
230790
171071
190774
2113420
2116497
2117251
2125978
2132299
154224
243059
IUIUOI
2116721
2124891
259663
OUUOIOA
2129005
2132388
2140652
241198
247393
2144259
2153231
2156303
2165771
2174696
213413
2179619
2182684
EUUIAA
2180299
243059
230790
244235
2181743
2184817
2188929
OEEEUUA
212369
2181290
UI
2160892
2169815
IIU
2161684
243382
174993
259760
IIU
OOU
AE
2137949
156436
2145446
156436
2155237
2163528
2165452
2171372
2174510
233860
2176756
2179980
2187491
2194947
2199304
2205704
190774
IOUIOUIAAU
245629
2186612
UEUEOOEIOE
200470
255672
2185826
UEUEOOEIOE
2192026
2194812
2203503
182717
EIAOAIEO
266258
EIAOAIEO
194719
2177274
2182274
2188035
181464
243180
2192127
213698
2197095
2202862
2209284
AUU
2186853
2188854
2198823
2202296
2204949
AE
207346
2176466
205468
2177759
213554
2181434
2185713
U
2177968
2179586
170126
253515
213413
2185812
2194189
AIIUEUIAU
2174817
222164
2184165
181464
2184269
2192895
243180
2196396
2196886
AUIAIEIOAI
2195163
170126
176505
IEOIUI
2181941
2190982
2192039
2199968
IEOIUI
AEUAEUAII
AEUAEUAII
AIIUEUIAU
2148229
2151128
2158507
205468
2167118
2167998
UIUIEEAI
213964
2146015
2148097
251229
2150036
2153691
211098
2157151
2158564
2165749
2173811
2175793
IIU
U
2146505
OEEEUUA
213964
264252
264252
224646
2121151
2123295
OEEEUUA
2131805
205607
AOEOIIUUA
AUEIEEOUOU
2109066
2111083
2114005
240427
2116641
241460
213964
2116876
2125070
2134758
2139870
256761
OUAUEEIU
2137273
AOEOIIUUA
2134446
2135710
2143211
206728
2148907
UI
220153
2122777
308767
AAUUAUOOUA
228489
UE
2084496
2086650
255952
2093438
2094338
UIA
212369
2091986
AUU
206383
2090687
IOUIOUIAAU
IOUIOUIAAU
AUEIEEOUOU
2047765
251229
EIAOIUIA
219585
2034128
195766
196697
308767
AEUAEUAII
2024127
212369
200470
AAOAOIIEUE
2004171
2004572
AIUOOE
254654
1984456
1991958
1996704
264634
257596
AIUOOE
1999459
2001484
2006696
2011240
2017494
174690
2020147
2025497
2029243
288399
284129
221399
224276
2038423
2039672
2043406
2049617
2053100
2055326
257204
2062277
2066877
2075569
308767
2080256
UEUUIAEAAU
228489
247943
2058295
EIAOIUIA
174690
256984
2056942
257204
2057456
196697
2061037
2066836
206383
2072957
2080248
277281
AUAE
2057900
2065159
2067081
2071655
AE
277281
2067079
2069363
2073056
191325
2078041
212369
210798
238179
2087945
UIIO
IIU
257204
277281
2054100
251229
187855
2061175
2062610
2072349
2080471
AUIAIEIOAI
2067185
262961
2069536
249672
2071392
2072380
277281
251229
2075897
2079673
2083922
OEEEUUA
AIUOOE
241727
2057020
UE
2032564
2032603
215220
216881
216493
2035619
210798
250501
2041611
2045594
199287
2046833
2047015
2048810
204236
260735
2056292
UE
2047643
2055541
2065245
219585
2071072
2077854
IEAOEIE
303385
2060472
2063802
307582
2067524
2069517
2076124
253515
219559
2081194
169114
307582
2088414
2089805
204236
2096972
EUAUUA
217357
2089184
199287
314353
314353
2098529
2106511
2115329
221987
2123122
197725
IEOIUI
2117080
2120901
IEOIUI
2121956
EUAUIAIE
2123625
2131782
2133040
187855
257596
257596
EUAUIAIE
2128455
2135316
230583
2139678
221987
2141831
2145215
2149699
200671
2152104
AIUOOE
UEOOI
2122882
224276
2132137
2134896
OUUOIOA
2125974
2130828
2136507
350214
2146160
2149481
2154427
241727
AAOAOIIEUE
2147284
2148775
250501
IUIUOI
2131892
193568
2138743
2145458
229247
227732
2147909
AUU
2125426
200671
227732
2130113
2137352
200470
239109
2146542
2150810
EIOUEAOU
257596
227244
EIOUEAOU
AOOUEEUUAE
259185
UIAAEAIEOE
EE
2098577
2103070
2103875
EE
2111601
2114189
EUUIAA
200152
2095356
2103230
I
2085863
2093872
267643
2097873
UEEIUE
2084548
IOUIOUIAAU
2083931
2086851
2093408
2095539
195086
2104238
284351
2108696
AIUOOE
255734
238689
2098375
230043
2103994
2104072
218109
218583
2108383
2112127
2113979
239109
2123689
2129215
2129714
218109
203667
2134787
AIUOOE
AIUOOE
2124867
EIEO
EIIOO
219392
284351
294788
2093760
258589
AEUAEUAII
233462
2098099
2103891
2113127
AUIAIEIOAI
2089829
2094517
AUIAIEIOAI
2095452
2095486
241904
2104802
260735
307582
UIIO
2106422
2109302
2113331
AOEOIIUUA
2094984
EIOUEAOU
268374
2074520
271414
2084374
IEOIUI
284351
AE
236290
UIUIEEAI
2058678
2059479
2065590
2073857
AUIAIEIOAI
AIUOOE
2063646
231634
2072615
200895
2074963
230043
233462
230043
200895
307582
260735
2077909
239109
239109
230043
205195
2081533
2088698
2098509
2105226
234993
2114629
2124207
UIIO
EIAOIUIA
180056
271414
2097541
284351
2101030
180056
222392
233462
EE
203667
2086637
2090660
2095451
252718
AOEOIIUUA
2077516
AIUOOE
350214
208499
222392
211472
IAUUOEAIEE
220222
227244
230043
195086
UIAAEAIEOE
UIAAEAIEOE
2042414
I
2035760
224097
2038233
2044913
224097
2045284
2049359
2051023
276434
2054091
2063228
268885
257164
EIOUEAOU
2041529
2049943
2054834
2061823
AAOAOIIEUE
232495
350214
269848
AOOUEEUUAE
2013907
2017622
EIAOIUIA
2013410
208315
268885
208499
2017128
2020840
211472
2020912
335528
2021893
2022780
EIOOU
2019149
2024217
237417
2026437
2033850
OUUOIOA
2028988
2029253
268290
211472
2039184
276434
2044827
222185
2052962
2054879
IIU
2041265
OUUOIOA
232495
2034520
AOOUEEUUAE
236290
2023975
2027024
233462
281127
2035970
233462
2040227
2041955
236290
2047047
314462
2055453
