0
6044
10016
0
EEAUI
0
9971
0
AEAUUEOUA
6109
9730
0
14089
17196
0
26611
34836
40957
41082
41486
47250
0
0
52311
53966
60806
0
63537
AEAUUEOUA
0
0
68456
71695
74047
79963
88777
0
95246
IEU
81523
87940
89188
94406
103763
108202
111087
0
0
115660
120956
IOOEIEOUOE
111887
112552
AOEE
0
0
0
0
110887
117880
0
127459
UAAOAIOA
0
110934
114990
121078
2731
0
123886
UAAOAIOA
130116
134219
0
0
142158
0
404
147797
151767
152172
154456
163486
OUAEIO
OEUOI
0
119631
126620
134494
0
141325
147487
0
150188
151142
0
158960
161656
170172
OIOOIIOEE
143767
146853
0
0
150202
156073
159775
165288
0
166072
0
0
167674
0
176637
180144
125
183859
5916
IEU
OO
161920
168845
0
174272
183170
0
188763
196660
0
202411
203550
212656
IAIAO
202601
210310
0
211015
216784
OOEOOEIIUE
AUAUEAEA
191285
0
199630
0
204970
209470
210733
0
0
0
7939
0
0
217063
224517
0
227701
0
0
0
236438
2808
0
3289
0
237872
0
0
240544
249766
1655
0
AOEOIEI
0
238301
15957
OEIAIA
221168
229498
AIUAEUEAAU
6088
AIUAEUEAAU
213354
14101
221272
226530
232367
237912
UEOOUAIOI
235248
0
0
2284
245000
251573
259828
UUIUAI
EAOAIIOIOI
IIU
AIAUII
197188
198154
AIAUII
0
196914
201910
206338
209139
0
213214
IAEIEU
190480
0
196164
199791
0
200907
IAEIEU
196106
197670
0
4026
6532
205084
0
210746
220128
5296
222289
227142
OEOOEE
229992
AAEIIO
UEIOOI
IAOUOIE
OEAUE
0
2352
0
OEEAAIIUOI
128903
UOAOUEOUIA
UEUAAI
100038
EEE
90819
0
0
0
95885
0
102798
0
108918
116833
2352
0
117389
0
8121
118436
IAEIEU
9521
111362
113345
121880
122871
125771
126378
131241
2885
0
134499
0
EEAAA
120473
EOIA
115090
9863
8737
117422
121082
9106
13580
129708
132916
8121
0
2352
OEEAAIIUOI
134396
142153
145883
154189
6469
0
157218
164078
166012
EOAAOOU
148929
153980
154712
0
0
158467
165754
171474
171494
179652
187200
O
169967
177528
186047
8889
194706
3289
EEAOIII
9030
AUOAEOUA
0
UAEAU
155020
163273
165650
169035
0
176777
185862
191017
5340
8704
193815
2352
0
5218
UEOOUAIOI
193872
198829
204366
206531
212482
0
0
218115
0
220513
229773
232170
0
4500
234708
239292
0
IIOEAOU
238856
241323
244792
254531
260485
265313
273308
276164
282646
288792
0
295427
9030
UEOOOIAO
288889
3258
0
EEAUI
277949
280348
287564
OA
8297
EEIOIEE
259359
8637
0
263338
272602
0
273194
273211
283039
290871
8737
294377
UUEEO
9106
5513
9106
273012
279026
2696
279512
4500
0
15748
282119
284990
285593
4103
290573
294776
300971
2352
310030
315455
320282
EOU
UOAOUEOUIA
10319
305750
307885
311085
320163
AIAUII
300536
5340
15273
302304
307982
312467
321621
5218
9766
E
314490
317915
AIAUII
8814
OUEIAO
15957
311747
317338
5684
IUUAAIIOOE
300657
0
309731
315829
0
24583
317805
327047
332845
10189
338685
1248
348093
353401
2798
556
0
5513
356714
UAII
353088
IOIIIUE
339338
3970
4863
344588
345018
353860
9429
355802
9030
9568
0
EEAOIII
4359
343715
11081
353297
3258
355943
356264
10682
991
361120
365364
IA
13105
343240
OIIAOO
333836
338962
341644
IUUAAIIOOE
5513
4587
335532
345417
348016
351186
0
9653
0
12632
353436
361967
IUUAAIIOOE
0
367206
0
376450
15605
IUE
5684
6369
OA
10189
0
351958
357839
363274
365803
9030
375710
378668
IEIIUOUA
2856
IEIIUOUA
376708
378364
378996
385615
16114
15605
394344
396846
4359
397425
406876
2885
415441
0
418203
427165
UIUUOAUUA
426254
427808
UIUUOAUUA
UIUUOAUUA
429528
AIUIUOUUIE
IOAEOU
8737
0
IOAEOU
3086
10682
407371
11081
414996
418919
427771
432176
434398
5513
0
434573
436876
446758
447497
454368
EEAAA
0
435339
438149
441284
4103
444755
450871
4996
8253
EEAAA
0
459436
464187
10189
465376
U
9653
556
EOIA
437515
9264
443783
449326
450059
453380
460159
1983
0
6593
461000
22727
462258
21266
467533
474038
481044
490424
UAIUOIAOE
UI
16161
0
444252
445183
0
454545
0
462259
3289
471313
475730
AOEE
457368
462767
467676
10189
467749
477384
8297
UAAOAIOA
15733
AUIEAA
444165
444652
454218
455127
461037
461053
15733
AUIEAA
466306
468249
470911
480400
954
8588
1602
0
0
482255
487385
17
12214
AIUIAAUOEO
OIAAUOOI
445093
22573
IAIAO
UAAOAIOA
8963
393173
399427
1263
14746
5680
409275
UI
389781
5445
398819
EAIAOAIIEO
390712
EAIAOAIIEO
396192
405367
UEIOOI
EOOUAA
0
390765
12613
394790
401976
AIAUII
399604
AIAUII
400214
408373
OIIU
399469
404216
407681
0
411141
22643
412342
OIIU
5545
405050
12214
25003
406581
IAEIEU
400332
406752
13105
8297
412217
421208
423327
10682
427930
428763
433016
439319
8330
14877
443474
EO
AIAUII
420664
428768
433183
442368
445260
AIAUII
EUIEUAUEOI
444742
23966
447412
8306
0
447540
2798
455756
462831
469058
474739
482695
484734
492416
497327
497756
506479
AIIE
488016
497344
505068
514034
8253
3820
0
1248
17592
522028
11831
522252
IIOEUI
499639
505380
6482
511889
519458
522773
523160
531817
7548
533456
542488
UIUUOAUUA
15079
0
7221
540944
549483
0
554397
IAEIUOIO
538859
540043
541776
549374
0
0
555260
558672
0
560250
8516
564845
565766
568511
2399
572788
2399
573910
575415
UA
570061
AIIEUAE
EO
552127
561585
15191
561636
567477
569471
9106
2743
577607
582749
590545
UIOOU
577461
583040
4750
5684
OIOEOIUEEI
18095
IEAOIEOAUU
EOEUA
533485
535843
1594
536707
538082
541474
546662
3289
AEAUUEOUA
536927
15957
OEAUE
535176
540071
543723
10682
IUAO
542577
9054
OEUOI
516696
25003
523561
529770
OEUOI
IOAEOU
527232
AAEIOE
20490
EEAOIII
511977
13255
0
EAIAOAIIEO
491343
498719
502970
512191
518985
525614
530436
534272
535495
7658
544621
545226
545428
13293
548082
17089
550290
15495
OIAAUOOI
531847
EIOUIUE
EUO
482079
492033
16114
38888
UEO
31279
10682
484091
489942
0
5680
0
3979
490673
OIUEOI
19669
473146
1248
7480
478682
481174
9429
OIUEOI
482421
5864
489796
497211
25003
506663
507606
9460
20490
508098
0
15436
8297
2743
510807
518453
UOEAOEU
0
510619
515845
UAII
496897
506872
513395
38888
516096
520568
527310
533301
11594
12202
539749
543871
548091
19054
AE
OUAEIO
516515
525644
529865
EE
8985
508475
33848
4951
517387
UEUAAI
512452
514950
15702
522458
528737
529951
32657
OEAOOO
16114
AIUIAAUOEO
504186
0
513582
515646
0
523154
530958
8216
16114
539914
542278
IEAUE
532617
6269
OEAIUAE
9614
528975
530700
539327
13293
38147
15436
547270
555660
565459
567954
4750
574639
10693
584577
590006
IAEIEU
10359
579133
580638
8131
0
22976
589440
590723
EIEOA
574157
578172
5684
0
13843
585261
8846
9059
EUAOO
580760
589188
596224
8846
597549
605536
609459
6369
609878
0
612603
622047
OIEIO
8852
619413
623631
627911
32868
633710
637796
642860
II
9078
17592
631612
3979
634539
8747
642615
642956
648239
9614
651147
659037
7548
663585
670694
12830
II
675346
2303
15030
OEIAIA
8985
OEIAIA
7741
15192
EOAAOOU
EOAAOOU
AUIEAA
633723
639889
641091
18547
9429
23474
AUIEAA
0
647372
648831
656115
OUUAAEAO
13042
653383
661786
664414
OAIUOUE
658273
668232
676466
684342
688296
691918
3979
694653
696637
697328
34000
34000
698178
704930
13890
1629
714042
UE
711932
9947
18162
14668
716759
717995
14948
5084
726192
4171
9947
5243
729454
736261
745200
IO
7548
2358
741593
747344
2358
24414
750007
758280
767117
0
771424
779180
AOEOIEI
AOEOIEI
776116
UIEAAIUEOI
UIEAAIUEOI
15192
7892
765113
770895
779128
786361
787501
13741
14428
12699
13490
OIEUIOE
8557
5243
13490
24161
782659
EOUAOUO
9078
760403
760713
762172
6706
35573
35573
764860
765187
773707
13576
774748
776701
13490
EOUAOUO
14877
0
19431
5296
15867
13255
778218
785138
II
18162
8747
9059
760878
7480
769028
772315
34000
779075
0
779775
785164
794389
797571
805276
EEAUI
EIEOEOIOA
758889
19535
0
15991
761309
OIAAUOOI
8253
743664
14172
6067
746467
747009
753531
759804
764503
767715
4863
18607
777127
781545
OIIAOO
763742
IO
14121
EOUOIAAIEO
5296
726416
727173
23873
0
AIIIAAAAE
722998
725414
IEAOIEOAUU
38404
717675
725821
726467
728000
7480
735636
743460
745495
754499
20753
14846
763110
769700
9429
771431
AA
EOAAOOU
743585
III
30172
737670
11594
10359
738153
747614
6269
EI
38404
745651
13042
42339
EI
13130
21607
7079
748333
750497
751371
OEOOEE
35573
IUAEI
731162
737534
13843
16058
4277
5684
7079
20753
743146
4277
746327
6706
751265
4863
29821
20490
756677
765810
UIOOU
758255
758520
13778
15867
14948
762286
763219
768748
16699
16479
773866
782940
790235
8253
OAOAOEAUI
OAOAOEAUI
766160
766878
773300
777748
779579
UUIUAI
766693
775814
778181
779930
15325
3979
UEIOOI
0
27931
778989
782489
5850
19289
784677
790591
795202
12244
804334
16565
806975
27173
24558
809649
817775
822825
UEIOOI
15180
UEIOOI
818592
7817
821149
821946
IIAAOIIAOA
806701
6706
IIAAOIIAOA
808935
24558
814108
15325
IIAAOIIAOA
7817
5254
AE
781653
33848
24070
784543
787484
793322
794522
803696
803717
813051
35235
816080
825236
828286
835152
9489
835785
20055
843890
25689
850568
860211
7741
UI
846272
850839
AUOUIIU
840707
842312
852050
861004
866365
870163
871618
18187
878072
17247
AUOUIIU
880172
22101
888275
26561
896870
AEOEOIEOOO
888200
895803
IIOEUI
882490
892265
894158
5084
IIOEUI
IEIIUOUA
11429
7658
875457
876446
886007
7079
12731
19802
890930
OEOIUOOIO
12679
9059
OEAOOO
26561
7376
864520
34899
867013
874978
878374
880293
OEAOOO
202
885149
886979
30346
893627
11429
5201
31490
898127
4863
907161
18479
18547
916082
EOUOIAAIEO
900484
907891
12165
33980
23081
911018
916219
4629
21512
6559
1602
916849
EEAUI
898428
AAI
13890
874298
0
4751
876844
20463
AIIEUAE
867415
875923
879381
882606
890189
5684
23873
7987
14877
AIIIAAAAE
18559
20490
868922
870002
6085
875252
885230
885829
887914
17418
16159
EEEUEA
12202
889224
889849
4277
10701
16565
AOEE
877684
24286
20753
23660
7987
883723
892391
26924
18371
901342
908894
13890
IEAUEAO
EUAOO
0
21385
890146
24286
891494
OOUA
EEE
OA
9429
15192
846682
851847
31020
857879
867763
871931
33285
873166
OA
875586
0
878096
30227
1602
882560
882840
OA
885651
24286
EUAUEEUAO
EUAUEEUAO
876459
UUUAIA
872112
873555
879953
13830
18547
15180
881515
9471
13393
19054
25273
888907
IEAUEAO
887914
OIUEOI
873487
0
883184
31490
16565
23066
888259
UUOAUIOUIA
884119
890798
894874
896856
4103
25186
905127
UIOOU
9773
893875
28796
898852
23474
906310
4629
49236
13843
911497
919816
AOEE
25273
27692
898381
906671
11655
27931
909661
917193
926055
23066
30346
OIOOIIOEE
919129
921504
927483
22731
16159
928414
931097
933329
936528
8747
OUAEIO
924789
934745
13393
9030
AIAUII
924571
928916
OO
909604
917554
22731
AUEEOUU
901746
904132
12202
904451
910130
4629
13959
917139
920979
930410
940053
AUEEOUU
940852
42387
16058
OAOAOEAUI
935156
24689
33980
13042
7824
936439
941218
UUEEO
941096
948316
5684
955929
964425
965580
974191
983775
989565
EUAAAUUI
978225
983999
989184
991318
992746
7824
35407
994392
1003810
1005955
5084
1008045
13741
1013380
EEE
996072
36874
EIEOEOIOA
971396
22731
974160
18075
25358
979432
981091
984483
986702
EOU
14846
12731
971459
31430
980967
IOAEOU
963820
16159
972173
980612
990048
EU
EU
AUOAEOUA
38395
976463
976716
978016
978179
978620
987266
15113
993526
28776
995491
1004101
1012297
IOOAI
EIEOA
23338
9030
972793
UOEAUE
964819
AUOAEOUA
941261
950982
IEU
937549
944517
952051
OIIU
924570
929601
936389
18187
8858
18371
IAEIA
35573
25358
OIOEOIUEEI
2358
907735
34538
19054
912588
922448
10701
929061
7679
29654
IAOUOIE
UEOOUAIOI
21605
902659
UEOOUAIOI
EEE
10463
870343
26305
878237
30346
13393
25512
881234
887111
890445
890464
AAEOEUOU
885182
51751
894402
19054
895549
895766
898168
41441
17267
21616
901875
903736
24232
12007
905682
914289
AOIUAE
41441
13436
912460
913496
916268
925275
13741
932939
39823
28796
11554
21465
939325
940400
31050
950175
12685
950685
953618
956625
963343
963390
10701
972752
974209
979403
982698
10359
EI
963603
970735
974902
EI
5904
34538
15522
39823
31050
981374
988110
988602
994690
999806
AOOIIO
36501
30346
983073
984107
988027
993713
31050
1000160
14668
1002421
32781
1007510
21535
1010626
39974
1015053
12698
1022597
1026758
OUUAAEAO
35381
EOIA
24232
992839
996832
997794
998350
1007449
IOIIIUE
17592
17267
21616
988551
995966
996952
23492
39823
EO
979203
EEAOIII
42387
976033
11732
21605
14428
983613
43400
988694
989721
995681
18783
998578
10359
1008137
12698
7637
4629
29212
39974
20002
1012126
OOAUE
1004133
1010473
1014544
1019959
26305
17371
1028441
EUIEUAUEOI
6706
1023274
12854
1029706
1036496
1043512
1050643
1060423
1063495
17596
7987
1070044
9680
1079771
1082291
1083485
1086088
1094055
1096450
1097773
21605
1097904
27692
1098714
1102111
1105192
7817
1108139
1114604
1117310
1125437
1128735
13762
1131766
12685
1137474
1141316
31282
23492
24070
17716
1150715
IEAUE
23515
1129431
EEAAA
1111127
1121097
EEAAA
1127134
26305
1134712
24676
EEAAA
11937
18187
29212
1140752
12854
42387
1150241
1153937
29372
1162641
1169748
28459
1173530
1183324
EE
25144
29426
II
1127819
13393
1129576
IUEUAOUAUE
13042
1111963
IEAUEAO
1107610
1113405
1116532
26642
13042
20974
IEAUEAO
13762
12731
35573
16114
22729
1116673
1122763
1126273
EUAAAUUI
1126767
1126908
1134724
1137251
17596
1138530
IAEIEU
14396
1132498
1141173
1150281
OIUEOI
37127
1146773
1153712
23515
1158791
OIUEOI
1162668
1167158
1168809
1175945
17267
1179747
1180701
3979
1181668
1184362
33422
AIIE
1188069
18783
1188775
1192211
27931
43801
1196949
1198572
1203027
1209986
10668
1212343
1216184
1221716
1230016
35407
13255
28588
17267
1238943
0
1241527
1248378
1254104
1256585
1257655
IIAAOIIAOA
1236341
12854
18947
1241637
1245230
18947
1248490
AAEOEUOU
6706
OEAUE
OEIOIOAEO
1176935
12017
1176970
32244
1183937
1191256
1192812
1195232
1197251
1202929
1205861
1206458
45806
40024
12086
28776
AOEE
38240
1200186
1201915
1211205
1213000
EIEOEOIOA
1204456
1205256
1214952
EIEOEOIOA
10463
16159
27692
5672
UA
1185625
1186263
1195138
21465
25281
40145
1200607
1209088
12007
1210908
17267
IOAEOU
1202196
25412
18783
20479
1211710
EOUAOUO
1198564
20974
13436
EAOAIIOIOI
1190547
IUAOAO
18947
4171
14818
IUAO
38692
32649
EUAUEEUAO
1170413
29345
8267
25167
1173679
EUO
59666
1152777
7221
16236
1157882
46033
1161873
1166303
OIU
1142721
1145716
OIU
UAIUOIAOE
AOOIIO
30097
5296
IAEIA
9132
1126488
40145
41408
1136131
47078
1139275
I
20753
UE
1115641
1118457
IOAEOU
18783
17470
14668
23456
29397
29372
1101310
1108208
31925
1108997
1114169
4171
1121218
1122112
35407
1124605
59666
1132242
1134720
AAI
1127659
1129159
1132384
1138258
1142177
AAI
20573
IIAAOIIAOA
1135581
1141039
1147651
30097
1154926
1164107
1166312
1175406
1183597
13596
AUOUIIU
EUAOO
1155556
1159607
1160900
1170634
EUAOO
1178228
1185307
12698
46033
1190946
44074
IEAOIEOAUU
25412
1172667
1175232
15370
1184363
OAAEAEUIEI
1165314
1171656
24070
14428
27139
5296
EO
EAOAIIOIOI
17716
AAEIOE
16666
1139847
20573
20195
AAEIOE
30012
EIEOEOIOA
1138555
1142929
37788
1149943
EIEOEOIOA
54954
1148446
1155214
AEOEOIEOOO
27931
44074
1159280
1164443
17421
1171718
1173330
1180266
1183723
1184927
1194716
33500
UEO
1170709
1171457
22678
29372
1174694
1174899
13393
1174999
28140
1180724
12996
1184542
7679
1190098
1195431
OIIAOO
43611
1184837
OIIAOO
1188063
1190642
1193281
18500
27931
38775
IOII
1169702
1170870
40598
24684
1175139
1184748
1186345
1189934
1195954
1202588
25412
IEAUE
1187391
35440
1189994
25209
1195679
59666
1200528
EOE
10701
1193567
45078
26541
1202004
17760
1202733
1206460
1215115
1220526
43316
1226021
1234135
43316
OEUOI
31638
1212896
1222738
12996
1229642
EEAUI
10701
1226252
UUUAIA
OEUOI
45078
26358
26358
12165
27931
1196650
17052
48784
1197132
14396
1200211
AOEOIEI
1186156
44154
1192633
12731
26458
OIIAOO
1183929
IOOAI
1184633
1193259
1195025
1198119
1207762
18783
17388
1216759
1221323
13436
12165
17737
6706
1230334
UEOOUAIOI
1219891
1227581
1237458
1246121
1256098
1263023
OIU
OEIAIA
1237675
AAEIIO
1228784
15875
1229105
16159
28270
1233111
27472
12158
1239660
1246650
31657
1254499
35440
18947
1257599
43919
1259003
1268653
1278393
1283713
43919
1283833
UAAOAIOA
24232
1270364
UAOUEIU
EU
1250880
1256150
1261355
1268383
1276706
AA
AUOAEOUA
UA
1235587
1244248
1244795
34426
AOIUAE
38628
AOIUAE
27291
1232051
IUUAAIIOOE
42533
15127
1228318
26458
IAEIEU
10686
45493
OIOEOIUEEI
1218848
28270
1219299
62848
1221994
1225501
1234135
1236347
57209
1240222
40333
EOE
1218188
27014
1226418
1228948
37663
40683
1233654
47752
1235411
1245243
1251166
OEIOIOAEO
28270
1245795
1246029
34763
1251224
1255571
13785
25209
O
31638
1236468
OOOUIAIAU
43714
1224649
35258
1226681
OIEUIOE
1211598
1214286
45279
1223348
10701
16236
EOOUAA
12165
1223840
53081
EOOUAA
38628
1224216
UAAOAIOA
1208409
1214014
1223816
1224528
1233836
5296
43611
1238961
IA
OAIEEAEA
1219618
37333
1221358
1230803
1233139
11732
1241891
1243136
1247744
IUAO
20401
22534
18783
1224517
EIOUIUE
UE
1195856
1205507
34622
27291
44154
UE
15227
I
36511
1191792
1191821
UAAOAIOA
IUAO
25209
17052
15414
1154859
1162403
UAOUEIU
1168078
38628
1176903
1181961
20655
33159
EOE
1179644
25859
27014
1187530
1190718
1191329
EIEOA
IOEAUUUAUU
34426
1161180
40577
24345
1166147
16786
1172734
30517
40891
9660
1175517
1184480
OEAUE
OEAUE
16127
1157225
1165993
IUAEI
1158437
AAI
1154276
1160058
13391
1169614
37333
1172207
1178297
AA
1170286
10216
1176795
34317
17592
37663
1179267
1183017
46178
1183765
1189730
44644
1192771
1194503
EOAAOOU
16127
AIUAEUEAAU
1173569
20479
IOOOIAI
1158137
1161059
1166791
22534
47335
1173927
1181002
20768
IOOOIAI
1179532
1186457
1187771
1195209
33500
EOE
11746
1192038
1194523
AAEIIO
1187970
AAEIIO
53081
1185907
1187745
1191454
15875
28109
AIEIUUI
18783
AIEIUUI
IEU
1153592
1156358
23492
1158806
1162725
AOEE
1165561
1171524
17592
1179942
47335
45555
1187561
16977
1192389
1194081
OAOAOEAUI
41687
1190538
1193514
14818
1199744
AOEOIEI
EUIEUAUEOI
1154380
1163722
II
UAII
1130645
1137702
51221
1139720
1147883
28278
1148019
1150058
61641
36979
15120
27014
1154231
1158149
OIAAUOOI
1153202
E
1133037
1141947
1150174
1160133
1164777
8272
1172272
1173401
27291
E
24991
1180736
30496
38494
E
25859
15205
OOUA
24516
18947
60534
1153587
1154784
1160632
1165781
1174095
1178306
IIU
29982
IAIOOE
1148160
1155108
30496
1157551
1161836
1166580
AIUIAAUOEO
27134
EU
1144194
1148114
IUAO
1132612
1133005
26648
45595
IUAO
1133322
1137364
1143086
29910
16493
IAEIA
17683
1139725
OAIUOUE
1125164
50711
31638
UIOOOAUIE
1101945
25822
1111613
21822
47367
1115542
51262
IOOOIAI
1110834
OUUAAEAO
1091398
45833
38901
15875
37950
19393
1094052
1103715
33514
27134
1113164
41706
37539
OIEUIOE
1089222
1095227
1104310
27389
1107843
OA
47367
27014
51625
1094259
1097090
1101659
EOE
39699
41687
1101084
EI
IUUAI
OOOIO
12165
44718
1059571
1063670
30097
1072674
OOOIO
1077478
1083952
52189
1093799
44231
EEAUI
1085165
44231
1092603
15762
23376
39699
OEIAIA
1093777
1101376
1109648
30956
1115314
1117192
24516
EOU
51751
1107905
1110607
1115252
EEEUEA
1092954
1097596
EO
EOOUAA
1066590
25859
28278
1074771
10629
22583
1076472
1078986
1088887
1089820
41311
UUEEO
37476
1066965
1074156
UEOOOIAO
30398
1063533
1070702
37663
18947
66158
1075095
14672
1077671
1080725
1086764
29287
1089344
30956
26504
1095024
1103610
60446
33156
1110650
1116174
1120768
1122543
51476
1131737
57422
1140371
1145905
49431
34426
1145908
1149953
1156760
1158169
1167427
UEOOOIAO
1176232
1182075
1188668
50339
12803
1192249
1197082
15414
1199193
1207015
EUIEUAUEOI
37771
1184013
IOOEIEOUOE
17795
31576
22130
25209
62848
1171226
1179269
IOOEIEOUOE
59044
1180871
16786
IIU
1183867
36979
AIIE
1183456
43441
1183516
1185246
1194430
1195864
1202934
EOUAOUO
EEE
1177753
1182012
1187750
1190714
1192710
EEE
1198683
64188
37950
1207019
1207101
42998
60537
1213286
1219374
28591
31576
29155
OAOAOEAUI
1206351
1211365
1219617
50711
1220267
1228819
20768
29132
1238372
IAIAO
30398
67200
39209
1233429
1238154
1246586
OIEIO
22130
1242249
1250831
1256647
1257744
1264081
1265665
1274436
AIEIUUI
34426
OIU
1247679
AIIIAAAAE
AIIEUAE
25475
59044
25859
64188
A
1203033
1209424
64188
1210625
60988
1218008
1224398
17592
1225972
1228170
14381
1231702
43671
EUAUEEUAO
OEIOIOAEO
42998
OUUUUU
44231
49431
1192432
1193041
14427
EOU
1192250
1201908
59044
52189
1210241
1212402
IAIOOE
1197821
1200991
1202911
32060
1209599
1215975
1218510
52767
1227029
1236154
1245508
1248750
1251642
AEIAEAAOI
29415
1231300
1234283
1235873
30398
32060
IEAOIEOAUU
52767
1231192
1234840
1236284
1240581
OEAUE
37539
1237857
1238702
OIOEOIUEEI
1225612
1233334
1239799
43947
1241599
47665
38901
EOIA
39699
27931
36636
EUAAAUUI
1220856
21651
49431
18947
1221890
OA
16538
21024
1204866
1211570
12165
OA
1211093
36322
24516
1218335
1218444
18947
1228293
IIAAOIIAOA
1230241
OOEOOEIIUE
27931
1210180
36001
1218927
EO
45359
36636
1213449
OOUA
45379
UA
AAIEIIOEAU
1176219
1178215
1181904
1182849
1190565
43947
1196960
1203908
41136
1211815
1214577
1216156
1219670
1220276
AAIEIIOEAU
1223795
1226742
27438
47665
AAIEIIOEAU
27291
1199262
44718
44404
1208775
IAUUAIA
1199260
41508
1206596
41311
44470
1214850
30956
46872
1218339
IUEUAOUAUE
1211695
1219806
1223720
25413
55200
EUIUEUI
1214951
47367
1218540
38901
12165
1224292
1224609
IOOOIAI
1220112
33026
1226969
1233067
1233820
1235858
1244444
1245897
1252351
33988
1256673
1258014
37663
1266228
1275037
1282613
1283814
AE
1270706
1280150
1283932
1286001
54182
59634
OOIIUEO
1276236
43850
1284919
OEAOOO
59044
1275911
1278670
45416
1280635
25330
1284991
39743
1293509
60534
13255
56121
21911
IOIIIUE
26514
IUUAI
16538
30943
1271851
1280182
31578
16538
1290090
36096
33109
1299747
1303415
IUUAI
OEAIUAE
1277432
1282351
1284758
1294684
60534
EOUAOUO
66484
54182
1287801
36096
1296969
1297941
1299873
1302334
1303399
37663
EOUAOUO
29291
1305948
1306485
1316151
1324460
IEIIUOUA
1317094
31892
18779
1320929
25859
EUAOO
65808
EOUAOUO
OOUA
1288278
1293306
25209
1302018
1306656
17428
OOUA
1290112
66161
1291275
II
IEAUE
1272194
31751
47622
1276953
59634
AAEIIO
66161
1270299
67496
1273798
29155
1274231
IUEUAOUAUE
1251954
24415
1260143
1261854
46872
1270031
18665
1278200
1284174
1289774
32376
27931
1292780
1298709
1301789
53617
30943
OEUOI
50711
1303127
58003
1312715
IIU
1292428
1295291
1304470
1305623
29894
1310828
31326
24516
1317139
1322678
1329911
17428
36001
34426
26504
1334626
41508
22619
1340248
1340550
1343612
47009
1348494
1357838
1366028
1374943
25859
1381248
1387957
13596
37027
68785
1394202
1397750
1403282
1406483
1413344
39743
40156
1414261
1421127
OOAUE
1424186
1431328
33633
44231
1441117
45921
37268
22619
1449199
17428
1454625
18779
1461044
1468266
1475876
1485751
19937
OEAUE
19937
EEAAA
1443022
1443497
1450952
UUOAUIOUIA
1439671
1448106
1451633
1453042
16538
66484
63012
EEAAA
UOEAOEU
1405012
1410946
1419937
OIAAUOOI
36322
1407848
32948
1409015
48885
1413558
OIAAUOOI
1416972
39743
AOEE
1401335
22608
1408696
27720
66484
75121
1412754
1414721
1419029
1428804
35385
46803
1429925
32376
1436880
46803
33698
1437939
1444565
1447247
1452385
1460207
38336
32376
33500
29144
75121
1465075
1465274
33500
1470431
UUAOUAOEU
1450790
36322
38540
26249
OIIAOO
1441770
49344
1450955
1457371
1460054
1463616
UAAOAIOA
37663
1459115
26514
1465168
34572
UIOOU
1462022
UIOOU
1459369
1459708
1469453
26076
A
44470
43377
IOOEIEOUOE
1447213
14362
1448321
1453709
1463253
25859
1467526
1474319
1480227
1482084
28483
1485067
IOOEIEOUOE
1481466
1481480
75121
1488923
1495352
1500385
1504494
79688
1513186
1514267
1516168
1523952
35650
50399
1526622
1527020
1531813
1537668
AIUAEUEAAU
1538848
1539666
34426
1544186
AEOEOIEOOO
41512
38540
1526069
40156
33026
1531001
78287
1535098
1544315
1551935
50925
1556567
EAIAOAIIEO
1547076
51481
33988
1549182
1553077
38336
31465
1556069
1564808
34572
34426
1565590
1566282
AUEEOUU
1553851
1560921
62848
36001
62848
1564290
1569310
1569770
37161
12165
1578337
1587610
1590765
53617
IAEIA
1567597
33026
1575094
1582448
1582751
OOEIAEA
33500
63951
33633
28483
63012
1579248
51773
1589217
1599027
50925
OIEUIOE
1584901
1589083
1589923
1595482
1598235
42353
56443
EUIEUAUEOI
18947
1576193
30943
1581626
1583030
1587987
1596406
1602027
1608858
56121
1615917
1616531
1618352
39743
49431
IEAUEAO
1601190
1607920
IEAUEAO
OUAEIO
44055
1589206
1590074
76530
70046
25413
1592982
1593556
1598613
AAEIOE
61180
AEIAEAAOI
38336
1585325
1595213
42353
EUIUEUI
1574045
34572
1574242
1584087
1586197
1591382
1600295
14362
25184
26498
28483
1601913
35274
1608665
OEEAAIIUOI
1606700
1615510
UUEEO
47367
1613661
1623404
UEUAO
1609926
1610177
1614751
1623997
1632055
1641142
1646304
1654034
74045
UUUO
1652316
49762
1660631
26076
1669792
1679322
12165
IOII
EUIEUAUEOI
54927
1648378
1652739
12165
1660026
EUIEUAUEOI
1667634
1668547
1676426
33500
45491
50711
1679936
1682963
1690302
1700022
49507
1709307
34049
OEEAAIIUOI
1707897
1715658
1716667
1723423
57637
1726852
UE
35274
AIIEUAE
1683212
UIUEIAOU
44980
37268
36096
1663823
40317
79688
1670586
1673298
AUOUIIU
1661976
AUEEOUU
1661804
1665602
1670873
1675839
1677656
49068
18947
76015
1686831
40646
1687389
1694053
60988
29155
1696582
33633
1704243
1707106
1715103
44468
33936
1719809
AUEEOUU
48955
1718061
1722428
IUAOAO
54703
AEAUUEOUA
21132
26514
1686135
1687389
38934
1690058
60988
1696667
UOEAOEU
32948
1694684
33472
1703782
1706604
UEIOOI
1699167
1707225
IEAUE
1705338
1712809
AOUO
56121
20776
35274
28185
51751
1706667
1711439
AOUO
56443
1719369
1727184
1736480
OOEOOEIIUE
1715192
1723763
IIOEAOU
1717046
1720682
56443
1723114
11746
69556
32948
28405
25955
1732965
UOAOUEOUIA
1724921
UIEAAIUEOI
1720449
76015
1730021
OEEAAIIUOI
1710672
32948
1713400
1718070
70728
35326
1718309
1718380
14362
38540
41314
1721092
1723841
36636
33997
1726432
1736299
1745251
69556
26498
1753830
70728
EEAOIII
1754384
1755556
1756711
1758399
1767254
1773216
1782245
1786447
1793723
68510
1794732
1800481
1800828
IUAEI
35385
OIOOIIOEE
1767912
1775025
1783799
51481
1792412
1800834
IAIOOE
1783613
37088
OEAUE
1775114
EOEUA
1772290
1780483
47367
26498
1788684
25576
1798059
1806848
1815794
45849
75871
1824218
UAEAU
1815660
OAAEAEUIEI
1807540
1811973
1817660
65356
UEUOI
18947
OEAOOO
29495
1781314
30168
57955
55367
14362
40156
1784040
86295
43331
27320
48276
1788845
40716
1795375
47733
37088
57650
1796553
AIAUII
1773433
OOEAEEUAOA
1759254
22608
AEIAEAAOI
1752701
1754821
42893
AEIAEAAOI
1760915
A
36006
1751699
1755645
29039
1762777
1764973
1773284
1774456
84430
1782914
1791368
1801120
1806464
UEOOUAIOI
1785489
33472
AUIEAA
31189
1776631
AUIEAA
50399
44718
EOAAOOU
65356
1771299
1776362
49762
1780298
1786575
29675
AUOAEOUA
1765744
1766545
40716
OAOAOEAUI
47367
1757098
1764200
66100
II
32755
1748562
66100
UA
IUE
1702758
OEEAAIIUOI
1683453
22619
1688602
UEUAO
1686042
59819
IIU
1686106
32317
1688177
1692288
UUEEO
49344
1678809
1682413
1685137
1690015
75871
1691451
54600
EIEOA
1685720
1693754
1702895
1706934
1715987
1718696
53699
70416
1726377
79289
95851
1727250
1729034
32501
1736927
67806
1739509
53832
47733
1744995
50959
1753818
1758282
40674
62042
1759262
1764375
79688
EIEOA
1769660
1779080
1784532
1794168
1802291
42893
1807635
1808037
1813140
47367
57637
20930
1819313
1823953
53699
1829162
1838255
38079
1845864
1854371
1862546
1864042
59303
36636
40962
OIOEOIUEEI
1851645
1858103
1867902
1871250
1873921
UUOAUIOUIA
1868891
51061
UIUEIAOU
57264
OUEIAO
54376
54198
41598
78702
39659
1843817
1850190
1853758
OUEIAO
64721
41711
39025
1854808
1859859
69549
1866561
1869728
95851
AIUIUOUUIE
1864655
1867689
1871418
37952
1871429
1871879
1874575
33489
45931
46423
UIOOOAUIE
42893
42893
UIOOOAUIE
UAOUEIU
1849558
1854416
IAEIEU
UIEAAIUEOI
13596
1829246
1832749
57264
1837624
OOAUE
49344
OEAIUAE
1808516
36096
1808960
1809756
1815213
EU
IOOEIEOUOE
1795372
82718
36096
1798409
1807669
66275
1810856
1817500
1822985
IIOEAOU
14533
1797457
1800128
1804494
1809841
1810592
46758
1816726
OEOIUOOIO
65356
1807252
56199
51824
1813310
1821848
1825606
1831620
1835205
62895
1836220
1841363
AAI
1820080
AAI
OEIAIA
1794586
1794793
1798036
1799852
1804342
1813007
72371
1817676
OIIU
90757
IIOEAOU
51744
57637
28405
1794111
IUAEI
1774287
1782759
1784429
1790687
UEUAAI
1768473
1774815
1784662
22619
1794238
1796539
1800913
IUEUAOUAUE
1786418
1788808
EEAOIII
85622
EAIAOAIIEO
1765234
1769602
63727
1776616
1779305
44324
1779482
1783629
AUIEAA
AUIEAA
EOEUA
1751141
70416
1760094
60325
1769336
1776601
1785550
95851
49543
1785933
57955
54376
60325
35832
1792134
1799807
1807611
66996
OOEIAEA
51061
69599
1807152
40055
OOEIAEA
66275
40634
37952
OEEAAIIUOI
1778068
53222
1784651
40055
1789654
1792266
41711
43437
IOOEIEOUOE
EEEUEA
EEEUEA
19715
1777951
93440
1786767
EO
1770917
72371
40458
25330
30714
1780811
1785795
1792925
62233
38336
46758
1800471
1806790
1810385
1819321
66996
27187
1822583
1831363
AEA
1811910
46505
69380
1815476
1821136
1827186
1834136
66275
IEIIUOUA
1828034
40458
75101
1829685
1831328
IEAUE
52766
EOU
1824220
1824742
44324
1830397
1834961
68510
47478
1835561
1836177
1840220
IIU
1822325
1825225
57637
1827390
1832150
1832882
1842757
26514
1849146
1858692
UUUO
34039
1839549
1842679
1844193
44318
1854059
50941
56813
1857065
97752
UUUO
OOUA
42053
1841110
1848741
72371
1853655
58733
51824
1854511
1858167
33185
74386
1861136
55926
1865568
81297
1872205
1872274
1873962
1879211
1887269
24298
40055
1892146
40055
25413
1898891
1900498
61437
30239
27187
1904611
OOUA
76015
33185
1907888
1910471
26514
32501
24298
41711
24415
72371
1917350
1924809
AA
62042
30714
1909331
1909616
1915978
U
1899722
97752
1909154
IAUUAIA
1896079
IAUUAIA
1897190
1906054
1906935
IIU
1894057
1894749
67975
1901902
1911886
37545
1921689
1922457
1929598
42775
46713
1939086
47478
1941146
97752
29155
47478
45921
OIOOIIOEE
1923048
1929746
1936087
1942774
40160
1949875
1958817
32501
1961194
1968128
55104
29341
41711
1969991
1972584
1978166
1981704
1983799
66275
41598
1990724
1994247
2000597
40674
IOIIIUE
UEO
18779
IA
1957093
1966532
1971477
1978748
1981692
AUOUIIU
59480
72237
1972798
79631
1977758
EUIEUAUEOI
1964466
1966537
UOEAOEU
OAOAOEAUI
EUAUEEUAO
1914246
EI
42775
1892023
78872
62895
1896120
1897140
EI
1898165
OO
1887218
1887358
1892952
35274
72703
49997
1896594
E
1873448
59258
51445
1874751
1879137
1887288
1896834
IEAOIEOAUU
1877395
1885614
56813
49837
74697
88973
59480
28499
1886769
1893210
1901638
1906332
1914608
1915934
1921341
1930675
1934463
14362
1941616
1949915
1955016
14533
1963806
1966379
32176
1973881
1979737
42775
1982182
OUO
1957273
45000
1967104
1975089
UIOOOAUIE
40674
36636
1964541
1968610
41488
1973878
1975174
46713
78872
1979168
1980107
85826
1989247
14362
UIOOOAUIE
1997360
66161
2007040
51824
48332
2007859
35741
71039
70196
2008468
AIIE
1986229
OOUA
1984216
44819
EIEOEOIOA
1967778
25955
1970432
1979812
1982552
1987767
EIEOEOIOA
EEAUI
1979952
1989697
1998283
79631
2003669
2006779
33472
2014314
OOAUE
1998612
2000598
2002368
44819
48332
2003664
26514
2010761
36636
IIOEAOU
OIOEOIUEEI
1978328
49764
E
1976982
1981417
101170
29155
54677
97752
1990968
49068
1998676
42053
2007967
60325
33155
74219
36636
2015424
2016489
2020695
2026725
2031965
AIIIAAAAE
2013866
2015706
2021109
OEIAIA
2000146
2002435
2002745
85826
IOOEIEOUOE
2008035
2017144
2017704
41488
14533
2023723
49068
45921
2026647
2030059
2033041
UEO
2021888
46124
2022191
61437
OEIOIOAEO
2005093
27187
49068
2014094
2018646
2018854
2021305
2022373
2029529
AE
89960
68510
2008254
IIU
1988240
1995302
1997473
39915
2005322
50416
2014121
2019198
2023422
62912
32501
2024104
2027764
2032098
80252
2036601
2038055
2043657
2047506
68510
72237
61437
2052723
2055736
2058538
2062441
III
2050861
79932
2056677
42053
EOEUA
2050634
34019
2051313
83074
2057801
66734
2059698
53426
72818
2069648
2076777
49837
2078427
58733
109543
25955
76147
2083845
2088242
51251
2096660
80252
72306
2103854
2106703
2109637
36979
33472
2110551
EUAUEEUAO
31767
2094287
2099451
EE
73861
30239
2081255
UEUAAI
UUAOUAOEU
2071536
41711
2080517
2082257
85826
2086091
2089818
2090802
2091383
2093083
47911
46505
UUUAIA
2084966
2085236
IOOAI
2070830
AUIEAA
41598
2069485
51663
2072633
2075228
79378
42348
2084803
2091989
2092015
2094399
41631
79968
2100377
2100469
2108112
2117817
70048
AUIEAA
40674
48683
EUO
2107696
42808
2108248
55461
2110153
72818
2119263
2129211
2136453
2136800
2146172
OEEAAIIUOI
2129027
2134442
51663
55461
2142366
79378
72703
2145483
46505
41631
2147303
2148447
80252
2152978
EE
67975
EOE
2126133
AUEEOUU
2113605
69380
EOEUA
53783
IAIAO
2087917
2096410
42850
2099052
UOEAOEU
78291
69556
79932
2078341
2082555
2091559
2093106
39915
EUIEUAUEOI
UEOOOIAO
IOAEOU
45843
2034360
2036907
2045185
30239
2048794
2052851
2052986
2059393
AOOIIO
2051339
83858
UAOUEIU
UAEAU
2011010
2013054
2022311
2022785
2031987
IO
58792
69028
2035685
37194
57289
2045110
49775
2046881
37379
2052323
2055411
2060063
2067919
IO
2073263
2080989
70239
2085272
42808
20776
2090560
2097653
2100624
OEOOEE
69556
2088137
2092444
78779
2092794
2093659
48018
25171
44318
2102122
2111706
99343
2113138
IUUAAIIOOE
2094566
37194
2096778
2103309
80252
2109631
61558
2110557
45921
EUEIIIOAAO
IUAOAO
29067
EIOUIUE
EIOUIUE
64606
37194
70459
39662
2071435
2075095
UIUEIAOU
2075556
99343
2082629
2092184
68227
2093306
2101207
2103619
2112976
35280
2118947
2121897
OEOAUUUAUI
37194
58792
OEOAUUUAUI
82910
2093142
2098981
IOII
2095417
79631
54376
OAOAOEAUI
41711
2091965
58821
2097694
OAIUOUE
2086064
2095641
61167
2104342
IEAUEAO
46505
EIEOA
2058096
EIEOA
88973
43437
25955
79932
OUO
2058507
UEIOOI
2043604
2047804
AAI
2041525
2045333
49775
50421
74212
2051724
2056911
OOEAEEUAOA
2053545
2056617
2060085
45000
77197
2061061
2070030
45000
70029
49809
2076155
99343
2079093
AIIE
62912
EOEUA
2048925
37194
2057843
56362
UUEEO
2035465
69556
2043830
94843
56362
2051143
2053818
2053919
OOUA
IUUAAIIOOE
2039358
62912
2047662
78291
2051822
77028
60342
2059067
2067695
37545
2072560
61167
77197
IUUAAIIOOE
56362
2068781
2074552
78291
2081638
2090037
47278
2098065
77350
IA
47278
2078405
2083656
2084326
48683
42571
2084381
35498
49293
2091146
UUOAUIOUIA
54819
33348
UUOAUIOUIA
OIOOIIOEE
49947
2071903
2072639
2074696
2076903
47137
58733
2083786
AIUAEUEAAU
2067681
IAOUOIE
IO
64761
2038630
2040309
53783
IOAEOU
IUAEI
2019589
2027049
2028790
2037246
2037732
52906
16386
54715
2040411
2049866
2051891
EEAUI
69582
2038315
2046337
2053015
2060479
2065148
82910
62381
2072408
2078921
2086086
86567
82068
47692
33472
47580
UIUUOAUUA
2073987
2080328
2082768
2089161
76513
2097892
2102251
2110830
17389
2116954
2120264
2122781
39905
UIUUOAUUA
52344
69582
2123251
2124143
UIUUOAUUA
2124689
2129540
2130119
59480
79631
70459
2134138
UIUUOAUUA
2134186
90316
54789
IOAEOU
OOEIAEA
31767
2099516
2106274
E
EOE
IOOAI
64761
16386
2061464
2061822
IIU
2041897
2046183
69291
2053035
2060330
2063545
79123
2068399
2077557
2084804
2087185
42571
62381
2093232
2097136
61558
2106785
IUUAI
2100678
2109527
48892
2114155
UIUUOAUUA
59480
2089686
59480
2094543
64761
61558
2104178
2110369
2114748
2118042
2127835
2129040
2134758
2136487
2145294
AIEIUUI
OOOUIAIAU
AIEIUUI
2103126
2112296
2112828
2120959
2128255
IAEIA
81597
2123285
70868
2131365
2132451
2141565
79900
2151017
2155747
51445
54819
AOUO
2145857
54819
2147978
45921
54409
2152855
46329
42571
OEAIUAE
2153527
2157789
2163640
2168222
2177369
2183213
2187823
2195809
2197553
2199517
2200596
2203258
2206236
90316
OOOIO
2193247
51442
2202592
58999
2211087
2218444
AIUAEUEAAU
IUAEI
2190530
2192218
49293
48929
121521
2201468
54819
OEAOOO
2190767
79631
2191150
54670
AEA
2185279
2186977
2194209
2200649
AE
69582
2181489
2184117
2186309
2188657
2194250
2202140
2207046
2215057
UEUAO
66734
64034
47391
2193879
2201382
2211333
2220705
2224488
2225933
72507
2232414
2233245
2238454
2246060
2252541
2254788
54409
2262705
UEUOI
2257286
2266457
89776
EIOUIUE
2247171
2251867
2255532
OAIUOUE
2251319
91595
2252993
2261939
OUAEIO
31767
2255662
2264110
2266424
2266433
2274791
EEIOIEE
2267808
2268997
93913
OIUEOI
EUIEUAUEOI
2239745
63935
EUIEUAUEOI
2232803
2241022
2242364
2248535
30187
2255939
2261637
2266949
76147
2271882
2280123
2280826
OO
58999
AAIEIIOEAU
2250801
2254103
2256405
2257486
UAOUEIU
2232936
75672
2236561
45921
2245744
60749
2247954
AIUIAAUOEO
2241086
43154
2250109
54715
AIUIAAUOEO
2250856
61426
2260833
2264429
2274331
2280539
2281539
69582
OEOIUOOIO
46227
2280603
UEO
2284735
UEO
2278613
2280921
47692
2288710
2296565
2305991
2315699
55071
2321139
2329381
42808
UAIUOIAOE
36292
56636
54670
2309365
OOEIAEA
79440
2298661
2303950
94843
2304269
2308777
IOAEOU
130935
AIUIAAUOEO
60654
94843
71762
2271542
2277681
55908
2284955
AIUIAAUOEO
54670
19571
2287047
AEOEOIEOOO
2287337
29067
2294720
UAAOAIOA
AUIEAA
94298
58945
62381
41049
59029
55908
2259537
2267082
2270828
2276309
2280038
2287727
2289118
68100
OUEIAO
54854
2277894
UEUOI
50176
94843
2264966
49068
AUEEOUU
54715
2244910
2245357
46227
45921
2253054
EOAAOOU
61736
37379
2228690
92840
48568
2235709
73316
2243168
2251058
93913
2251524
2252605
93227
50982
EOAAOOU
2256287
2261422
70441
2270588
2274168
UUEEO
75211
2267962
2277402
32743
AA
79900
67150
IEU
54670
100201
2252517
2256967
61197
83180
2257398
54356
62381
2264020
2271008
IEU
77197
2270094
2272544
EOOUAA
2258320
74598
2266550
2270913
2273787
EUAAAUUI
EIOUIUE
73316
2239361
80736
2243292
2247906
2252859
55939
2254375
2256682
2259925
2263434
91595
2268929
90316
OOOIO
2256760
2257868
99343
51533
2265770
2266513
2272711
2281925
2283267
78034
68100
2288223
2289246
70806
AIUIAAUOEO
2276865
94843
2277567
2284116
2284245
100201
51919
2285978
2288653
38859
2292057
29067
OEOAUUUAUI
2264251
2271467
61736
56079
2273319
42658
EEAOIII
45921
2264164
AIEIUUI
29067
2237298
2242843
47637
2247338
64235
2257232
2264797
2270835
57597
2275757
47137
2277228
AIEIUUI
2283903
69028
79932
2288945
IA
55908
2267768
2270364
64235
2277794
2287205
2294917
2304557
2307594
2310875
2311372
2316400
2324465
UUUAIA
2298508
2299168
2304854
2307223
77197
2312977
2316743
52349
2322626
38859
75781
55686
2330772
2337124
2343559
2348837
56079
IOOOIAI
2337559
IOOOIAI
OEUOI
2321716
2326580
37327
OUUUUU
2320618
2322450
2331319
2335554
87650
2344343
AUAUEAEA
2343654
61197
2348269
AUAUEAEA
2354042
2355850
62944
2365086
EI
2346309
2349670
2351124
2352571
49662
2361371
47150
103895
2362775
2370580
IAIOOE
77092
53599
2371149
EU
52349
2375561
IOOAI
2364629
2373371
91631
58733
2381755
2383406
2392439
76150
81297
94298
2400566
2402252
2406355
49068
2413542
OO
2407302
2413189
2414971
2420868
IIOEAOU
2395278
2395769
2404288
50982
110017
2408287
94298
2409847
52877
63712
94843
2414464
2424377
31767
2429627
50982
2435148
83180
2436698
60076
2437543
2441875
84461
2444268
25171
2444505
2450641
2453529
2463379
2465877
2466062
2470129
UAEAU
63215
2467018
2476414
2483564
102587
2489442
2493913
2503478
79123
2512664
OUUAAEAO
63215
UUIUAI
2503663
2505462
2508356
2514484
2519783
2529510
2537331
2540061
2541877
2543773
2550693
2553110
2557955
75781
81761
2567019
2576195
2579317
2584907
2592697
2596933
2600788
OEOAUUUAUI
49720
2600661
2601301
2607389
48568
OIAAUOOI
54356
OIAAUOOI
2586816
2588294
64440
OOIIUEO
2567820
2570685
2573274
62944
2574544
89776
2584405
2590597
2591981
OEIAIA
EUIUEUI
2573649
112100
IEAOIEOAUU
2571894
62381
44144
2575121
IEAOIEOAUU
2579763
78692
2585802
OEOIUOOIO
AIIE
AIIE
41711
2539690
60876
81702
64339
60132
AUIEAA
94859
2522693
67577
62621
UEOIIA
2528469
2531566
81399
UEOOOIAO
2514955
2520967
2528888
52877
2535622
2536489
111341
111341
2536562
2540886
2550808
AIIE
2527934
70441
2534436
2543729
2547720
109805
64339
49068
2551814
62237
49720
50982
2559431
38885
2564262
2566462
83992
2573927
2579934
2580492
84568
2583614
2593107
2596288
102587
2597278
2600177
2605519
66017
2611241
2613576
32743
62992
42058
48847
49720
2616601
2622305
2623931
OOIIUEO
2614803
67697
2616814
78092
2623767
62381
101819
EEAOIII
2606601
101819
UEUAAI
EOEUA
108539
52877
2576430
92473
2577521
51813
2581926
OIU
2568653
2575558
2584964
93175
2591609
2594613
2595830
2597104
87990
UEOOUAIOI
2587518
UOEAUE
2570628
2573793
2579971
62237
2580960
67108
2587971
OAIEEAEA
OAIEEAEA
2575507
2579857
2589609
IOOAI
2569215
UAIUOIAOE
III
60294
2542758
OIEUIOE
2540979
E
80736
2523435
63712
2525843
EUO
2521345
IAOUOIE
47137
AAEIOE
72763
2487537
AAEOEUOU
72763
72755
2486873
2496544
2504633
2514460
2517156
IAIOOE
47137
2495158
2501052
UIEAAIUEOI
EIEOEOIOA
2476476
63781
UIUEIAOU
58227
95505
2460760
2464654
96491
2470780
2475184
38885
2483796
50982
55601
84878
2484187
2489188
70117
2495018
98283
96583
62079
E
49068
EUAUEEUAO
86859
53536
2464629
32017
2472930
72755
2473036
2480085
2486353
2487585
2492524
87990
95505
UAIUOIAOE
IEAUE
113137
IEIIUOUA
57652
55990
2458318
44144
III
2440114
2447227
OA
2453172
80894
2454919
2458868
90292
112605
2467452
2468514
88257
67108
2471261
2475266
2477464
2478089
2483701
IUAO
2472126
AIUIUOUUIE
AIUIAAUOEO
2449078
53414
94046
38224
2458126
63781
IOEAUUUAUU
2450326
78692
UI
EO
2415416
UEUAAI
2400526
2410190
2419020
2425091
2431823
OIAAUOOI
66886
61886
UAOUEIU
2387400
36177
55990
EU
2366853
2371852
2373782
44144
2375940
2383445
2386371
70441
EU
50429
2391927
2397486
2402016
2410197
IEAUEAO
45432
2400815
63739
2408548
2408754
56079
2408774
2414397
2416897
UA
65117
2405798
2413225
2417460
2420223
98456
2425228
2430833
104571
89677
AIUIAAUOEO
51116
2433687
2433983
71792
UA
EI
2399135
IOII
2390537
36177
52602
62289
2399146
2404393
2410681
2416490
2418284
2427108
2432949
71792
95810
2436138
2444774
2454721
2458479
2464458
2470820
101819
2480451
2486740
2490619
2494721
2497917
2507623
AIIEUAE
94046
83180
64516
2493956
AIIEUAE
101819
2501574
OAOAOEAUI
UI
2477060
2480968
2483406
2493148
2497309
61106
121420
56079
2507219
2509612
62164
2515076
2520097
2526769
97045
67868
71308
UI
OOEOOEIIUE
109805
74425
2513975
2521661
2527706
61924
2535337
2535631
48242
58227
109805
2544894
IOUIEAEU
2537440
112100
125669
2539307
2547263
2556066
2565599
2569609
104330
112605
EOUOIAAIEO
2553479
2557642
2561941
2570416
2571328
65752
2572350
2575014
2584370
103895
EOUOIAAIEO
2590065
2598310
2600602
71308
136925
2602623
IOOOIAI
44144
2583888
77146
2593811
2602353
71008
2603175
67108
2605759
2612426
2619439
70441
2626251
2629623
2637819
2642021
45432
88752
60174
2644364
2647796
96491
2648342
OOEIAEA
58733
69167
2628517
2631452
2631547
2637465
AOUO
2622151
81732
AOUO
2626675
84045
77197
2627852
2637526
52877
2640220
2645374
50429
2650867
78092
AEAUUEOUA
2649706
EOUOIAAIEO
2643399
2648737
2651225
82556
2652393
2660801
IUAO
2656780
2658642
38224
63270
72365
2667636
2671226
2678539
69220
67697
2682808
55601
2686482
IUAO
2692046
50429
78692
71008
2693043
2698627
IOUIEAEU
2674471
94046
EE
2666481
2673913
2676292
AIIEUAE
104631
EUIEUAUEOI
68749
90292
2653745
2662789
44436
2668238
2675891
56158
2678139
2679206
2688899
100275
2689732
80736
60380
2690296
2696855
2703315
66017
69167
EUIEUAUEOI
2686052
2691081
2696214
2705858
65306
104571
2710083
39997
2711047
82688
57676
2718614
60174
2724157
83460
2728460
2738330
39997
44436
2744041
AIIE
2745601
2749792
61307
2756387
2757724
39997
AOOIIO
IOEAUUUAUU
2730666
86009
IAIOOE
2726544
2730364
IAEIA
61886
2708849
2714151
77092
2715256
2720010
IUAEI
2718743
105639
OOEAEEUAOA
2694120
2694355
51919
2702456
2707092
2716448
2721081
2722205
2730963
63739
2733037
2740356
EUO
71589
EEAAA
2717981
97865
25171
2720014
2725075
2729064
89677
2738820
2746776
2754608
AUOAEOUA
60174
2744588
45432
64910
52182
79379
74581
2754008
2762490
2769549
88257
2774297
2781072
2790182
46584
2798367
EO
2794917
2799912
EEE
2797438
2797891
2798997
2802482
IAIOOE
64034
62288
2792273
61553
78692
38224
2801662
112380
UOEAUE
63440
64490
2792307
135520
2793579
2800616
2806353
2815563
2817352
64156
EEAAA
80736
60074
78925
61106
2795848
66017
65306
44478
2796704
48131
2800006
2802779
2802854
64034
93541
OIEUIOE
68440
2798827
88257
2805020
38885
2805500
2813456
2818324
2823249
58945
2830351
2839193
2843200
IIAAOIIAOA
OOOUIAIAU
OEEAAIIUOI
2803320
72394
83460
EEEUEA
EEEUEA
61197
2803183
2809916
2817790
96491
63270
91558
2819512
50429
50429
2825146
76530
80546
2825645
2827730
61106
2833561
2841223
138295
2849198
71589
2857740
IUAEI
62289
2853172
64034
2861236
88967
61895
61968
AIIU
AIUAEUEAAU
EUIEUAUEOI
71139
2823218
2823996
2831231
90292
2840449
2842001
80868
132629
II
89358
OOOUIAIAU
IAEIEU
52182
55326
2802734
2809186
2813271
71480
91014
IAUUAIA
2807962
62289
UIOOU
OEIOIOAEO
64034
2751905
2753094
67388
2756766
63440
EEAUI
IEAUE
25171
82688
2743201
2745784
AEOEOIEOOO
2740383
2750028
AEOEOIEOOO
AEOEOIEOOO
2753252
65752
98456
2753652
112380
65306
2759312
70806
54114
79379
66023
99866
2762184
2766400
2773222
61106
OO
IUUAI
73594
75148
2735551
96583
2738014
2742897
2744386
31872
UAIUOIAOE
OOUA
39997
2718256
88257
2720001
IO
2696953
60419
2705980
2706604
2714048
OAAEAEUIEI
OEAUE
48131
EOE
2673794
2682107
68075
97255
2687678
2694496
2701472
51116
OEOAUUUAUI
67388
2679113
2684088
119259
2686608
48312
90280
83951
AOEOIEI
IIU
68075
2665088
97045
2670465
2675467
2684840
86745
2688987
66968
2689623
71249
48131
UUOAUIOUIA
2670252
98174
2675183
2683964
2691693
2701231
AAEIOE
52157
AAEIOE
UUUO
71358
2673796
97865
67388
56358
93689
2674852
2676458
61974
2684860
UEO
2680127
100275
2689407
2695344
2703796
2710468
IOIIIUE
IEAOIEOAUU
OIOEOIUEEI
2643169
67388
UIEAAIUEOI
OOOUIAIAU
74310
2622372
2628620
2634502
113869
61816
2636141
2643328
54701
2645393
97963
2648731
2657223
51116
UE
2640233
2645113
85482
118100
68075
100275
71589
2649183
63270
2649346
2650579
2658545
2662681
2667814
2675421
88257
2675960
OEAOOO
2668557
119647
2676021
2683968
56158
82421
82258
2687940
2692153
2700296
2707608
93131
48596
88909
2715571
2720785
2726343
2731179
UEUOI
2711362
2715968
58969
UAEAU
61678
2712262
98435
UAEAU
2717243
63277
71060
2724167
66153
AAEOEUOU
2718301
82542
2722649
2724530
UOAOUEOUIA
112380
UAEAU
2696661
2698325
72615
III
2681280
OA
133123
2670147
AIUIUOUUIE
87306
89358
AIUIUOUUIE
2643089
77892
2647850
2652173
AUOAEOUA
86009
61448
76530
2641934
EI
2636304
2639907
2644863
IOAEOU
61816
2625760
81111
2631015
2635908
70806
93541
2640830
99972
2643312
2652152
2658716
IOUIEAEU
67388
2650491
168728
113057
2655054
71996
84182
86080
86745
2662692
65140
2664709
2672001
2681730
2689972
88257
107053
2699125
2707606
2717138
2717702
63277
2719277
2720333
62288
EUAOO
2722752
2724733
2728527
87144
87370
2730511
110269
2730939
2737958
2740584
102516
EUAOO
2745240
74923
69539
2746888
2754693
2758119
2764722
2765849
61816
59043
2772381
2776775
2781933
2782098
2785027
71358
2787953
89358
119707
2796981
70191
2799383
2804116
93860
79527
101160
2806680
AEA
113869
2787432
2787891
2789365
2790120
2796209
71589
70883
2798609
96193
2808596
2811584
2815427
70191
2825177
2832868
2836961
2837320
2845771
2854855
2860865
2866237
67302
2870647
UOAOUEOUIA
2854037
2860663
63270
2870242
61573
91601
OEOAUUUAUI
60074
2847562
UIUUOAUUA
2839210
2839668
2846365
58225
2854330
67694
44144
2861897
67388
81066
2871537
58225
112380
2880501
51492
44416
IEAOIEOAUU
85576
2866079
82542
2874419
OEOOEE
2863292
2869907
82241
2878913
2884991
73594
2886676
2889181
2895379
2900632
2902022
OEOOEE
UIEU
IEIIUOUA
UIUUOAUUA
61974
97698
U
97698
61573
2847970
2850741
2858027
2862171
2870381
75923
2878517
2881900
2889310
2891636
2895264
2905235
2912121
88257
2919179
OEOIUOOIO
32615
2913932
2915610
58225
2922483
2929710
55601
78519
87370
2932078
AIUIAAUOEO
2928553
2930041
71996
47765
2939547
134033
UEUOI
OOOUIAIAU
2910468
2912006
2917170
EUIUEUI
2916795
2917998
2924858
2934841
2942840
2952077
145511
2961648
2965744
OOAUE
2958366
101636
65575
AUOAEOUA
71981
EOAAOOU
2935773
2936042
2936989
AAEOEUOU
2930884
93860
102671
2933987
2941083
44144
2946311
88576
2954380
61448
IOAEOU
2929972
67302
93689
2935139
58945
67694
2944825
90065
2947935
E
2935314
51492
2938890
69539
65843
71612
2944660
2949663
67302
2953378
AAEOEUOU
2935295
2938150
63277
69323
2945675
80456
EUAOO
2930582
IAIOOE
70924
79480
34843
86745
74705
59154
UIOOOAUIE
61448
2909429
2910636
2911192
62288
96678
91601
104631
71116
71589
2914822
55601
34843
2920696
2923491
96171
2925332
E
90203
2911267
2917683
2921803
OUUAAEAO
2908271
70191
54673
60380
2911386
2914383
2917308
87072
2925209
30857
EAOAIIOIOI
OUEIAO
91986
2892013
142156
AOOIIO
2878575
82542
2886368
119845
98134
AEA
103053
IIAAOIIAOA
2875095
90065
2882953
91304
2889850
UEIOOI
61448
2886450
2895107
68593
2904125
2912243
2917050
UEIOOI
82542
73714
111335
OIOEOIUEEI
2892909
2900870
2902079
2910648
72755
2919484
98174
90065
2924460
116397
2930348
2939174
116090
2943386
EU
2916281
2924885
97963
2933320
UI
2911926
2921224
2929121
2932361
2933329
2936825
2942113
75148
2947963
2956292
96678
2958600
122178
51919
2958644
2967066
2973244
92847
55601
79379
UI
2969329
2972651
2981856
2988260
122178
2995664
85164
3003593
88576
UI
44416
OOAUE
111335
101778
UEOOUA
2977843
2985387
EU
UAOUEIU
2969283
103156
OUUUUU
2969906
2972153
AIIE
2977539
2985441
68219
2990035
96246
2993997
3003050
70479
69539
3012457
34843
3018643
UEOIIA
EE
IOIIIUE
66895
2969491
63277
96986
2974591
2974778
98174
2979860
2982569
83024
AUAUEAEA
89348
90414
2974956
UA
65575
90065
2963283
2963895
93995
IAOUOIE
119176
2943100
106055
2952993
71896
2958723
115392
2962567
107662
2969494
2979252
81121
2982975
103192
2987557
61448
2989669
2998587
81111
56674
IOOAI
61560
2993325
2998174
UUEEO
2972013
2972955
2977568
AAEOEUOU
117803
119176
2966054
2972590
EIOUIUE
119707
72108
101778
2970186
2973931
2982184
71896
2991606
2997531
2997921
2999880
EIOUIUE
3007123
3011091
UAIUOIAOE
3013039
68591
UEO
EIOUIUE
109924
2974886
66895
2979200
123918
2981390
2984335
96271
2985677
65575
79930
96246
100700
2989822
122917
137223
96271
65575
98866
2993734
2994670
104631
3003027
3012420
3018348
3027792
111580
3029000
3033258
105577
84405
82542
UUAOUAOEU
3013741
3014655
3018634
3027054
64516
79417
73880
3034728
AOEE
3013705
111580
EEEUEA
2987051
2993494
2995528
3000034
117803
106499
101629
3000673
87072
AIAUII
2998320
3007472
3013082
97596
92575
EOOUAA
3004442
106055
EU
OIIAOO
2993107
3000041
3008161
3016127
3023692
72108
3029754
84419
3037600
3046528
3053356
UAOUEIU
3028926
72026
3036477
3036921
UAOUEIU
119228
73820
3042313
3046298
3051348
II
3029872
88794
65842
I
3027762
3032952
127632
3039404
93328
110015
3040383
3050091
3057886
3065974
3066536
OIEIO
3037653
3040165
3045475
51919
OIAAUOOI
EUEIIIOAAO
105468
3022402
OEOAUUUAUI
3001151
105468
UEUAAI
2990266
2998167
3004111
3011550
3021338
3023852
100167
3029911
3030449
3033809
83507
3040203
100167
3049952
IUE
3055395
3056941
3062850
3071695
68108
97596
3073735
98134
IUE
123918
71790
119228
127447
183235
3079960
3083045
UOEAOEU
3066855
72108
3069001
3075325
3083238
53565
3084915
68966
3094088
65843
3100209
3106120
58945
EOUOIAAIEO
107904
119707
3100293
3102323
84376
3102949
79343
90241
73880
3105786
3107283
AOOIIO
AUOAEOUA
69323
3076128
3076491
AUOAEOUA
3084563
107662
87072
3094323
86434
3101587
UUUAIA
3095266
3098984
72622
3108588
3118172
100167
3119891
79379
3121065
3127512
3134635
3141917
87536
107662
90241
3145852
78263
3147717
3151981
EEEUEA
OEUOI
106627
71620
OAIUOUE
3112045
51919
3118080
3126693
3131680
3136659
3145486
AAI
AAI
3134815
3142927
AIIE
EEAUI
3091657
3096201
83922
51919
3096593
3105832
IEAUE
66275
3101603
3107343
59585
108222
3114126
71620
3115548
62818
88436
3121894
IOUIEAEU
3118802
128072
3123765
82438
3125571
3133460
3136662
3142010
51919
3142312
3146926
114373
95678
3148530
3149106
72622
UUUAIA
3156585
3158397
3159614
3163631
77397
3172339
143064
3180083
EOAAOOU
88493
80241
3171691
IAIOOE
3150646
3156573
3164279
95678
3166434
96678
3171654
3175280
3177366
AIUIUOUUIE
3164302
98174
3167503
3167513
3176998
78263
3181343
86396
3183622
3187940
117603
124432
3192219
92332
3196564
3199542
3205752
3208907
78263
3215982
3221020
EOUAOUO
OUEIAO
112880
100700
3199652
3208061
AEOEOIEOOO
3189249
3194711
3204035
OAAEAEUIEI
3185933
114038
3185990
3193889
3195793
3198746
3201763
114140
3209112
3215500
3220272
110246
OOUA
3196960
62818
UEO
UAOUEIU
3162441
3172216
84792
3175061
3176672
3180200
3187472
EOAAOOU
145511
64084
3182094
AAEIOE
66993
3160867
95678
78263
3161598
3167214
3172607
63658
IIAAOIIAOA
131491
UOAOUEOUIA
3153142
89050
51919
3153589
3162968
3165052
3167841
3171571
3179685
3189170
98174
3192138
3196721
3206050
72026
61654
3212004
3214690
3220967
3221280
UOAOUEOUIA
132653
3223988
3226165
64084
3229808
128072
49749
3233646
75375
3241869
3250410
3250907
3258571
EEAOIII
3258159
78572
AIUIAAUOEO
98495
3236940
96353
105577
AOUO
3232535
3236895
AOUO
3237544
3239886
3246144
66843
3255362
3264454
3271928
3280675
3281914
3286221
81121
98585
OUO
108222
EAOAIIOIOI
3246062
123918
3250538
3260456
3260621
3266284
100700
3274871
3284002
3289092
95732
IUE
3275068
3279267
95678
3280594
3287060
OIIU
3264359
73709
3273093
72755
OIIU
3274388
3277891
3278927
66843
3279873
OIIU
102457
64084
3285166
76563
3290352
UA
3269234
79379
3269550
UA
3272093
3278443
3281699
76813
121244
UAIUOIAOE
3276333
143064
88794
UAIUOIAOE
3284505
3285414
114140
111886
3285626
88288
80129
124432
156789
3286187
3294193
49749
3295981
IUAOAO
3288251
84566
106000
38319
3288295
135178
3292063
106147
3295828
3302522
90241
113315
3309245
3312481
3315916
75743
3323178
72251
3331885
3334225
O
O
3320855
90282
3322165
3331831
EOAAOOU
IUE
3310471
72755
72202
AUOUIIU
72251
3296668
84185
3299193
3301695
3302702
72509
3312127
135311
AOOIIO
113170
IEU
OOOUIAIAU
84182
3260249
3267427
UUEEO
3264005
3271946
3279763
3285571
3293879
3298911
3301191
3305324
UIUOOAUEI
3299891
72026
128011
102861
88955
81121
3300640
3302289
3303391
114562
69847
104969
3311940
3318881
E
60818
80438
3310318
UAEAU
156789
3305184
70380
3309692
3312207
3315531
104520
3322697
129260
135311
3332612
AUAUEAEA
3312494
3316361
3318755
3320952
3324564
3333635
3343179
81710
3348855
3353172
3358267
3364401
81111
3366839
3373027
3381857
113315
3386197
3391981
3394560
3397563
3397641
EUIEUAUEOI
3382866
3392206
79379
76813
OEOOEE
3372034
111886
3380619
3385582
3394409
3396373
3398790
82438
109786
94268
EOOUAA
3380837
3389542
3394278
UUOAUIOUIA
3377203
115479
3378843
3384238
3385772
3394850
92380
3402788
3411634
101629
90742
3420357
3429451
3431897
UUOAUIOUIA
117513
3440173
AEOEOIEOOO
3422154
3423063
3429104
3435215
139028
AEOEOIEOOO
3442636
79257
3451940
OUO
3430603
3439963
3441803
3442503
95221
93328
3446341
IUEUAOUAUE
95221
3442858
3451703
3454123
EOUOIAAIEO
64516
3439554
92309
3443048
101629
68446
3443522
EAOAIIOIOI
EOAAOOU
EOAAOOU
191752
IUE
3376417
106099
3376624
70451
101778
89943
IOEAUUUAUU
102457
EEAAA
3365519
56674
AAEIIO
3342242
UUEEO
3327392
3328226
3331289
101426
IUAEI
3334638
UIOOOAUIE
3330701
51919
3331670
3339951
93888
E
78263
3319928
3321755
98585
IUAOAO
89050
3311627
3320608
3328806
3334171
3340132
129630
99045
3346744
3352837
3362124
3370837
82438
OOOIO
3355754
3364508
3372538
3381599
3390036
EUAAAUUI
3387899
3390979
139028
3392973
98134
3397119
3403254
UIEU
98780
AIIIAAAAE
105107
72102
3359431
3363067
IUEUAOUAUE
3337150
3341620
122176
3351218
3351930
71924
64516
64923
3361865
3370426
98134
3379711
3383395
3392436
EUIUEUI
156789
65929
UAOUEIU
121345
AUAUEAEA
OA
3346587
3355697
O
3352779
3360936
69847
3362683
3367649
73880
80623
139263
3376037
82438
3384020
3386626
3393933
3402234
3407424
68446
3408977
116723
3411035
3418855
101629
128015
44187
3424617
3427756
3432807
3436963
AIUAEUEAAU
3427759
99181
3431223
3440138
3440354
3444925
112043
UUUO
49749
3450750
UUUO
3450268
85674
119564
3457466
IIU
106099
EOUAOUO
129770
150726
127907
3432762
3438156
UEOOOIAO
94551
68765
AIUAEUEAAU
3414782
102457
3415351
3425256
74310
3432470
117913
UAII
3414879
79284
87361
3418388
115392
90553
3423544
3433221
94292
3437987
3445977
96271
78996
3454943
3457985
IAEIUOIO
3437934
3439769
3446623
3449719
3449874
3451928
3461633
3465504
3465862
128015
79213
81930
3472178
3477662
AE
OOIIUEO
OEOIUOOIO
3437382
3437869
99181
76084
63277
124041
3440793
150726
3443713
105107
3451577
87361
92346
66275
135311
3459479
3460339
3462875
129630
81111
110246
3470346
3471397
129630
3472734
IEU
3456957
3461180
126820
3471047
3478041
3486770
98008
69816
AOEE
3473682
121413
85674
3475543
3483185
3489451
3489826
3499142
92008
3500580
3507178
96866
69847
3515137
3517566
65843
83265
3520353
86066
3521306
67142
AOEE
74310
135311
67913
3527508
128011
120333
69323
3535546
115834
191752
3545388
EOUAOUO
3540140
3544080
69590
IIOEUI
3533111
3535613
102861
110885
132955
101531
EEAAA
3510958
A
3511582
111222
3518557
3522030
86233
3523164
64656
139028
99045
98780
3523385
3532203
3535642
129770
86139
3537000
110114
105413
3541366
133664
3542227
3543815
54123
3552095
96178
3553590
122795
3560499
3568095
3571319
3577774
3583817
3590949
121880
81930
3593762
3598344
106640
3607868
3610786
76573
3618634
3625982
78189
81415
78996
63277
69323
99045
76563
71924
3634122
3642562
78832
134429
OIEUIOE
150170
3624765
AAI
3622825
3624080
82438
3629728
3632740
118351
3640807
71205
AAI
3635339
AOOIIO
EAOAIIOIOI
98008
100687
59474
3628876
106616
82646
EI
77157
3614753
3618693
3627468
3628439
3635956
3642863
107847
98448
99045
3652700
3657064
3665779
97113
64656
3673878
3682700
3691666
101924
88794
3700039
87679
3709647
134429
3712339
3720004
3729719
59474
3737890
3738071
3739721
3740780
3750583
3754525
EEAUI
93915
UIEAAIUEOI
3723437
3730599
3732161
72102
3733596
124104
120010
3734874
118351
3743568
AIIU
3727119
3734837
3739773
3741881
72773
3742460
3746599
95317
3750541
3753921
3757208
3758971
AIIU
3758759
128451
EEEUEA
3751526
130389
3754737
3758213
3759018
3764145
156789
139028
130389
80851
89273
3765159
AEA
115151
3750675
OIUEOI
95772
3745866
3752515
3756457
3765226
3771699
3775688
UEOOOIAO
3756471
OIAAUOOI
74310
3756877
139263
3760216
OUO
115315
3741109
3744783
3749476
3755677
OUO
3756203
UIEU
AOEOIEI
AEA
95625
AOOIIO
3646366
3654247
3656702
IUAOAO
AEA
E
3595172
111640
OUEIAO
124429
3590077
3597393
111640
79284
3600498
3609761
3612730
99170
AOOIIO
3601623
3601910
3611392
126276
3619214
3624416
130007
123050
3625630
IUEUAOUAUE
130441
3625389
3629541
3638379
IIOEAOU
3632342
IAEIA
64415
110246
3612471
3618617
105682
3621100
111780
3630364
3634286
IOIIIUE
106633
3623846
3628939
113170
3633766
EEIOIEE
113526
3621463
IEAUEAO
3617846
3618310
UAOUEIU
3614733
94061
3624178
3629468
96825
3638090
UAOUEIU
3642416
3642883
83150
3648398
139263
AEA
3642559
77604
3648271
3656285
123120
3664206
3672582
71924
94292
UIEU
128451
63277
3648703
87679
3649456
3658326
123721
3664385
68765
105466
3671320
63277
3671978
3678579
EEEUEA
112186
113170
3661618
3670600
82646
130866
3676316
3678470
OEOOEE
118777
59474
3671795
3674400
3680176
103499
3688386
126276
3691666
97105
3696478
122284
3697417
3699302
113672
3704617
3711013
3716807
3723080
94292
OUUUUU
86265
123721
124367
110114
IUAEI
UIEU
137004
3687863
UIEU
AIEIUUI
122866
112186
AIEIUUI
3674445
OAOAOEAUI
69590
87735
102861
129466
77604
100687
3661023
3665947
3674540
3684283
3692495
134094
130441
3698350
II
144186
3676954
3685626
73880
101976
88288
96271
3694914
3695534
78832
3697615
89551
3703032
3707516
105682
3710358
3711003
3713294
3717726
IUEUAOUAUE
3692076
3692099
101629
3697888
124367
3699377
119564
3702046
3702723
3710620
144186
83140
112043
OIOOIIOEE
86698
64415
97105
3687833
64656
78832
3688453
3694710
123721
106434
UUUO
3690858
49749
IAIAO
3671526
105288
3679972
3686031
77604
3691892
3697359
3704463
3708991
3712899
103499
141188
3721271
3730764
3730960
3731806
94551
75874
3739765
3742710
3749416
94292
3758469
3759884
IAIAO
101514
131451
76563
3763886
3764902
3773180
3779700
OUO
3772360
130957
3779048
3782212
EOE
3764448
3767674
67142
63658
3774620
3778504
UIUEIAOU
3782512
EUAAAUUI
3777383
3782259
102390
140244
IUAOAO
AOEOIEI
3736264
3740411
90761
87326
78832
122866
140244
3742905
OEAIUAE
3729476
OIUEOI
78893
3729547
EEAUI
77157
111780
115854
119564
128451
3712645
3718133
3726843
3727481
3728126
104443
EUAOO
3723395
3730793
3733125
3740666
3741275
98117
3744004
UIEU
3735427
101514
OA
3718281
3727270
94551
IAIAO
3731257
3738521
3742580
3751148
102296
3756948
134429
115315
EE
3744280
3750408
3754795
UOEAOEU
3755578
OOAUE
3735472
146232
OOAUE
3742681
3743753
67913
3752864
3756088
3757712
3766629
128312
68116
144186
3771666
96271
169116
3774602
AE
3764076
3769002
3771563
3772620
113170
107847
AEIAEAAOI
3753538
3754555
3759520
3761459
122284
IAIOOE
3750847
3754850
3757152
IOIIIUE
3755669
3764005
3770248
I
3760309
3762304
3764355
3766901
85824
3776006
EUIEUAUEOI
3779777
113672
3786533
3790322
UUIUAI
3776783
3781389
126820
3781497
3789990
86698
3798528
3802719
3807083
3816644
IOOOIAI
IAIAO
3784329
3784662
3792589
3800584
3810420
3813707
3814510
3818026
3818703
3824785
67239
AAI
96697
IUUAAIIOOE
3812780
99147
72351
146232
3818103
OIOOIIOEE
IAOUOIE
150035
3792415
3795506
3799464
IIU
UUOAUIOUIA
3745918
3746197
135316
3748391
3752142
3754264
113098
3755658
72351
EEIOIEE
3736138
115854
3744176
107847
3749804
3751468
102410
109786
OIIAOO
3745233
3752155
202591
3753928
3758218
3759002
3760017
3760063
136698
202591
3761575
3765104
92151
112699
3766129
3773346
3779053
OEOOEE
3781010
3787569
IUEUAOUAUE
132196
3763106
105520
3767408
151668
UEOOUA
3747714
3747813
3755615
94292
3756275
3763509
3768908
O
3752507
3754821
3759283
3765300
UIUUOAUUA
IOOEIEOUOE
146232
IOOEIEOUOE
67334
113526
3745977
3746648
139225
48948
112043
3747159
3751858
3758693
151668
90000
OOOIO
3745820
AEIAEAAOI
102806
3732003
121880
3735214
102806
UUIUAI
3731684
3733431
103893
102390
3735644
3744707
3753871
3758850
3766593
3776437
3783406
3793212
3797919
3802354
3807101
3812967
3819799
3826742
122866
124429
72038
3836389
122919
100685
OUUAAEAO
OUUAAEAO
202591
96371
132196
3824370
3831483
85824
3835522
3843865
112003
3844075
3848130
3848211
UE
3847481
140310
3850808
UE
3858328
3858377
IOUIEAEU
3850093
3855494
119564
86698
69590
150035
3859616
UIOOOAUIE
3842262
3851444
3854762
EEIOIEE
111392
156998
3839848
3843188
3852646
96925
3856632
3862745
EEAOIII
109895
3847340
EAIAOAIIEO
3836179
130957
3845151
A
177493
122919
3831451
3832237
127113
140653
3832798
3839832
AEAUUEOUA
3838505
3839761
72758
3840963
85164
105056
91241
AEAUUEOUA
3842972
74068
3848973
3858842
3863204
113403
IIOEAOU
3861688
3870361
150626
104838
3875587
133299
OEEAAIIUOI
3852035
49260
3853777
OOIIUEO
OEIAIA
3829658
85376
3837482
3847470
UUEEO
3828914
3833796
3842982
3847682
3850169
3857545
3865057
3865675
3868261
OEEAAIIUOI
3856451
EUEIIIOAAO
3844084
3851967
3852518
EAOAIIOIOI
112150
3843074
3846318
102861
100248
3849606
3856798
104969
3864471
3874439
3875593
137887
3884334
128042
108643
3892268
95216
127113
94128
77157
3899222
EE
3887586
3892150
94292
115315
OEAIUAE
3876561
112043
3878460
3878789
OEIAIA
3852714
3860648
3867491
3877446
95216
114790
3878948
3883456
108643
3890374
81930
3893210
3899193
3901563
96371
83265
3909966
3910391
111751
3915635
3916341
100670
3926162
3933518
UAOUEIU
3930611
3932682
3942150
3949280
3955779
3957411
3963388
3965512
IUUAI
OUEIAO
3946939
IOAEOU
3934663
IOOEIEOUOE
3933722
115315
115336
3935776
3942480
119564
3944607
3954395
IOOEIEOUOE
3957932
131212
106919
119157
3958506
3963429
3964854
3972239
UIOOU
109380
3969764
3976111
3977004
3977146
3983250
3988821
112547
3992486
EEIOIEE
3974821
AIUAEUEAAU
3975936
3982164
58545
AIIIAAAAE
AA
70260
114378
99482
3944089
3949962
78553
3952566
124537
3959792
3960405
AA
3959480
98117
108643
EIOUIUE
3952616
UEOOUA
3943877
113968
96825
3946862
3952819
3955367
3965116
130022
UEOOUA
159462
113194
3964200
AOOIIO
3959932
3963316
3965207
133307
3969304
AOOIIO
70260
3974992
131841
147483
151668
122866
OAIUOUE
3955405
3957080
112186
OEAIUAE
3947399
3947835
3956110
IOOOIAI
3935737
UUAOUAOEU
3919984
3928740
116460
3929263
3930302
3936625
88185
3945134
3952598
OEAOOO
3951124
49800
3959022
3961829
3967635
3968648
149534
AAEIOE
94523
156998
135931
3967244
AAEIOE
3974941
3984771
OIOEOIUEEI
133299
101514
3958337
3959880
IA
3949161
3951153
3956363
3965636
3975020
133299
126389
3985000
3987227
122866
3995646
104209
49260
128042
3996177
UUOAUIOUIA
80656
98642
4000460
OEAUE
112150
3989936
114491
89325
141311
139195
3993291
99542
4000478
4008596
4017334
77157
4019548
4020289
UIEAAIUEOI
OUUUUU
IOII
3978100
3985460
EEEUEA
3982363
3984810
3994156
126389
4002106
UIEAAIUEOI
3991217
3993172
103148
3995485
3999038
100889
4000781
114378
4010771
I
98642
101514
IOIIIUE
3983018
3983719
OEEAAIIUOI
116119
UEIOOI
3953955
3959579
3962586
121076
99147
UEIOOI
AUEEOUU
3955039
3955327
59171
100670
81431
IAIOOE
117901
3933249
3943140
3949686
UOAOUEOUIA
AE
150035
115315
3910600
83666
3915650
83265
OEAOOO
78553
3909919
3912436
3918703
141059
3928072
3935137
119444
3944562
136698
3944741
3947610
113403
3949407
OEAOOO
3947110
94336
OEAOOO
3947799
3951863
130850
134351
91197
81930
3961415
140462
126389
IUAEI
3935672
3942238
3942439
3944370
3944836
3948222
49260
99715
127138
3954277
OOEIAEA
140462
67239
150035
109786
3942917
82635
OOEIAEA
99715
92179
3945306
3949034
49260
3957423
IOOOIAI
3939385
3942477
3951372
117085
IIOEUI
3928348
3938069
115638
119300
101514
94523
3946410
3954519
109786
UIEAAIUEOI
OEUOI
3924022
3931206
UEOIIA
3921812
3924701
131552
OUUAAEAO
3925425
79865
3935065
AIUIAAUOEO
124371
3913361
125272
3914532
3919040
3928785
3933936
IEAUEAO
141059
3920124
3924134
3927251
OEOIUOOIO
110757
3912077
EIEOA
111136
101514
90718
3902925
101759
3906247
OIIAOO
3899258
3907102
3910261
3917334
84687
96825
IUAEI
UEUOI
3886625
96825
100459
OOOIO
O
3876369
3884560
3893845
131552
96371
3903163
134351
3906489
144264
3915007
162410
3923151
141485
OA
94912
OUO
3897869
3898139
3907980
117680
3915793
161355
OEOOEE
125214
3908942
3912517
3913091
3914190
100320
125214
3922469
OEOOEE
84687
3922269
3929624
IIU
3926955
3929692
3931058
3932049
3941630
3945285
82635
109380
3951162
103174
112150
112146
3952467
EEE
107622
3951548
3954435
3960778
3962610
IUE
94292
86258
130372
3949601
3951692
3958723
3964038
77939
144264
3973524
3979604
88512
74746
OIOEOIUEEI
93747
99715
3971912
3979253
110757
123978
3986707
83198
3996432
3999644
79865
4008145
4017171
4022791
4030142
4037586
151689
4046422
EEAUI
4032022
IOUIEAEU
4014311
4023461
4032251
4040843
4044834
IIAAOIIAOA
74746
4023350
IIAAOIIAOA
4021738
83198
4028021
112186
4035176
83198
4039668
4042814
4048246
101759
100758
4054850
4059026
4063281
4068319
94128
91662
115984
4075439
4083965
145410
149534
119391
4088331
4088380
4094782
72758
4095270
4097438
4103612
119391
4113292
4120919
4121376
103836
4124463
4130368
UIUEIAOU
4120637
OOEOOEIIUE
119444
AEOEOIEOOO
4088006
72321
115984
4094648
126389
4099372
4100684
4106215
4113460
117680
4121546
4123782
4127526
4130077
140462
162410
4133097
4136190
4136258
IEU
4136444
108643
4139205
4148948
4149484
OEAIUAE
117602
UEO
4109210
EUAUEEUAO
OIIU
4063077
109380
4073072
149534
4078251
4086089
4086954
96132
4092130
129054
4102006
4109319
106752
4111658
4115049
4124351
4125118
4133407
96825
102106
4135219
126958
4137339
110268
4146187
88512
4155703
4157972
4164485
158329
159683
103174
158329
150035
100227
94211
4170181
4173904
4176053
144264
4182393
OIUEOI
IIU
4159466
81930
138329
4167343
113548
4174894
94912
118429
UEUAO
52872
4154791
4157416
4163343
4167705
4170370
52872
153865
4177632
4180140
4189702
4197036
4200462
4204288
4208307
4213112
4215374
UEUAO
88512
4220330
4226535
117602
4231511
65714
4238534
IO
EIOUIUE
4206771
4209935
4219856
4221512
4224409
107622
109739
4227616
4227681
4232880
119391
158329
112186
105339
119997
100227
4237998
74746
4238092
4238356
4243177
4244741
151630
4251595
81930
EOU
UEOOUAIOI
99715
EE
116119
4233385
118331
4235199
4237898
119235
4242665
4249183
115721
4252162
4255184
4258412
135499
EE
98930
79865
4263449
4267541
4270005
56823
EI
93747
IAUUAIA
149477
IUUAI
60055
4229341
120154
4233458
4239744
4241632
126486
122055
4249659
4256289
4264255
4267970
4272322
96132
4275768
4284279
123978
EOU
UEUAO
4264283
4267345
4275415
4283719
4288241
4288997
4295265
115397
141806
62039
108643
4296249
4304512
60055
112409
4309082
4314406
4323498
4327003
UEUAO
4327969
4332955
4339297
4342799
4346719
82190
4351807
65714
4357724
4360326
112409
4361165
4367433
94995
146512
4374646
AAEOEUOU
4360499
4361895
4370771
126813
4379081
109380
4387802
4391252
112186
4397731
4403404
4411004
81930
4412369
110813
4418115
4427769
4431707
153759
4439539
4443238
141704
OIUEOI
EUIUEUI
4421416
4430347
119564
153865
4439653
112233
4444914
UEOOUAIOI
4421219
4426662
4427155
4428677
221422
4430550
4436464
4438217
4440344
100889
4440579
119444
AIIU
157888
4429263
4432201
4438754
4440724
4447393
158329
4450361
4452962
85790
4456067
4457915
4460403
4463554
AIIU
4468012
4477828
72321
123636
139779
4482902
4487912
4494679
4502272
4506852
123636
4508605
4509607
119073
4518982
UEUOI
139195
139195
AAI
4488851
4496513
4497185
113649
102514
113649
94912
4500147
4507371
102514
4512228
4514003
AAI
4523158
4530561
125169
4536270
4537817
119393
122665
4543845
4551928
4557329
4561863
119393
4564555
164440
4570749
4580718
4590364
4599526
OIEUIOE
OIEUIOE
76723
4588782
149420
96371
4591253
4596370
112233
4596440
4603389
79726
4609530
4618835
OIIU
4611508
96825
4619078
4628897
135629
4629018
4633974
AIEIUUI
113916
4616824
4623066
4626845
126814
4634494
56823
4638621
94334
OIIU
157888
97862
4622671
4624958
EUIUEUI
118331
4620059
4628471
OOAUE
129526
4632501
4641742
111140
129192
4645188
125275
UIOOOAUIE
4642346
4645777
4649963
UIOOOAUIE
114570
157888
UIOOU
98930
4636347
4640909
4641321
4649813
IIOEAOU
128449
4634920
4635220
4636786
94912
112772
119391
EO
4614543
101710
4624454
AEA
4602119
UA
124537
144491
125275
4579100
4586916
4587917
4593863
4598200
4598602
4600486
4609101
4617704
133642
AUIEAA
115497
133642
A
105665
134987
4578065
EOU
148207
4568891
4576062
4577330
4581424
81930
4581445
AAI
4559916
4569526
100889
IAEIUOIO
4555707
4559482
AEAUUEOUA
4549786
4551778
EEIOIEE
4545856
110813
EOU
135629
EOU
4542258
4549239
4558863
123704
4562332
OEIAIA
130850
4546932
4548948
4557391
112577
4565102
143595
4565669
4570168
96371
4577135
119338
UEOIIA
98930
126814
4576914
4577493
176685
96371
92179
4582030
171846
4587106
OOEIAEA
92179
OOEIAEA
UEUAO
118331
143595
4571917
4578920
4587669
4590458
4591691
4601288
4610078
118331
155117
87651
4610642
4616899
4617283
56823
105665
4620690
4627945
4633183
4635678
4639073
123228
EUIUEUI
4625970
156842
4631026
EUIUEUI
94798
AAI
4630509
168778
4633089
103836
AAI
4639691
4640239
99147
126486
OOUA
4620089
4621131
4628019
121542
124537
4632121
126958
118331
EAOAIIOIOI
4615488
4624318
132077
EAOAIIOIOI
126814
EIEOEOIOA
4590947
95443
4595910
4596231
EUAAAUUI
UIOOU
69590
4555949
4565469
IEU
4566675
4569673
130387
4576149
190878
151764
146512
4582401
4589964
4594739
OOEIAEA
158846
4587832
4588090
146512
EO
UIUOOAUEI
88868
4568425
142791
4568759
111136
4570611
III
4564565
4571504
4575681
4579170
UUUAIA
4565919
4574533
4578929
4588275
92179
UIOOOAUIE
4573539
94995
160780
OIAAUOOI
4556394
119073
4558172
4559130
100227
103818
111136
4567303
125411
4573153
IAEIUOIO
4555106
AIIU
94702
107295
4544418
4547290
4553840
126486
4560708
150418
103818
139799
4570281
92179
96747
4579667
4589546
4590682
4592636
4600121
UEOIIA
116641
94702
UEOIIA
UAII
115984
4575796
4582436
4590631
4591816
4597503
176210
4600616
4601894
132189
4602620
IIAAOIIAOA
4604483
4611408
4618024
4622366
4628903
4633329
4637017
4644228
4654172
158171
126110
OEIAIA
94713
132077
163080
92179
4646376
112772
4654908
165669
EAIAOAIIEO
4636762
126130
A
4632073
O
O
4612605
118331
4622127
4629916
UUOAUIOUIA
130022
AEIAEAAOI
4593427
OEIAIA
150845
4566980
146465
80633
4576513
109654
4582979
4590595
4599626
4604991
4607980
80633
158171
4609965
AIUIAAUOEO
121880
126958
92179
AIUIAAUOEO
4594291
4601403
4607505
146465
4609222
119564
4613444
4614944
UIUUOAUUA
4596221
4603430
4610253
UIUUOAUUA
4609712
131369
95443
121048
4610173
UIUEIAOU
4592097
129638
UIUEIAOU
132077
4591694
92387
4599072
IOEAUUUAUU
4589381
UAEAU
146283
140456
4571372
105339
127506
4575353
4583956
112858
UAEAU
4573666
65570
126814
157888
4573953
126863
4579023
4587619
OOOUIAIAU
O
4560584
142791
155686
164877
OIOOIIOEE
4546828
4549192
4554502
OIAAUOOI
112233
4537948
103558
119564
4541623
4547461
82190
155686
4554114
4555000
147205
4555364
165669
4556817
4561809
65714
4567453
4573978
4577322
65570
4582247
4583764
108724
92387
4590811
158846
4592135
4595939
131659
UI
143102
UEOOUA
OEIAIA
129638
121885
4557213
4557722
159095
95955
4561694
160840
133037
4569839
IA
75306
4560386
143102
4564519
4569881
125414
4578971
79640
128896
4585701
108724
4594514
4597055
4597326
AAI
4576604
4583636
4592166
144467
4597302
OAIUOUE
104153
4601568
130878
147205
OAIUOUE
4605398
4614316
81146
136369
4616284
4625351
4627767
4636296
4636362
149750
139979
4640976
118331
4647491
4647998
4653850
102514
99280
4655574
4663565
4670742
4674883
4678437
143102
4683953
86843
118625
129638
4688574
UA
4685037
146512
4685866
4687106
4693004
UEUAAI
4694028
UAOUEIU
121931
146300
135044
4675145
4682982
4686922
4694806
4704284
126168
4705093
OUUAAEAO
121885
IAOUOIE
4671848
4674484
172541
172541
4675157
4680847
4682924
4684926
126168
4692792
125775
4699592
131659
90645
4703926
AIAUII
OEOOEE
127239
4674106
4674791
112233
4675884
138130
4678299
4686533
4694076
4697973
4705393
4711766
IO
130850
130878
4702408
131659
134465
4708416
4717840
78267
4722286
4727454
IIU
137728
UEUOI
4694592
4697602
4704353
4708574
173819
183314
4709482
118896
131369
116119
4714773
4718905
123668
4727965
94334
UEUOI
121566
EEAAA
4714098
4720688
4727955
4735520
130022
131298
4739540
4743808
4746198
159095
4746498
OOAUE
4746414
129355
4751675
4753351
65714
4756282
IAEIA
OAOAOEAUI
4719963
4723038
4725741
4735430
4741410
EOIA
95955
4722914
EEAUI
112233
4704292
4713518
4722354
4724712
4730910
4732504
94992
4736227
EO
4718077
EOEUA
4705862
4709093
AAEIIO
UEUAO
148009
4683253
OOEIAEA
79640
4672894
104192
UEOOUAIOI
114922
136101
4663969
4664373
4667302
135602
4675985
AIUAEUEAAU
148009
153865
165574
UIEU
119073
173819
98826
147852
AOEOIEI
4631554
135550
78532
4640475
4643000
4648142
AAEIOE
4622331
136101
4625249
4633415
95571
158846
4638070
133508
4647482
4656666
4660085
4670039
4670680
148009
144561
93956
129355
121070
151125
133488
136581
4676690
62755
4680464
4686771
109380
4691410
4693590
4697651
4701639
135214
4710801
4713286
140456
4722104
110229
AEOEOIEOOO
153865
130595
140456
164847
4712932
4713027
4717116
AAEIOE
4714177
EOU
4707495
95571
79640
4716412
4717984
125116
EEAOIII
4724805
4732051
IIAAOIIAOA
4736957
135550
AUEEOUU
158550
82190
EIEOEOIOA
144467
4709666
4715649
4724685
AIIE
4708387
4711575
4717925
4727675
EEIOIEE
119641
OOAUE
133508
133488
4706062
135214
123668
4708109
121070
4715369
143555
95620
4716034
OIIU
UAEAU
4675451
4679943
4686143
4689438
113461
UAEAU
4692978
121880
4701950
AEA
4704616
4705018
4706220
121461
4706772
4711631
169435
4713778
AEA
A
4709247
157299
A
4716873
4721297
4722017
4723918
127517
94992
4723931
4732701
4739550
119641
124525
AUIEAA
156345
123668
4716313
121468
137728
4726072
4735303
123668
4736145
4743805
UI
4744166
UUUAIA
4738565
4743914
4745549
4755002
4755511
OUO
169435
137756
121461
4745685
4748543
4753963
4759958
4767332
134465
4767987
133657
177499
121468
4775716
EUO
134465
4775543
4778293
146512
4786699
72758
108724
4788644
4797280
133488
4805352
AUAUEAEA
173819
4791634
127553
112577
133508
4797106
4800600
173819
177499
4801144
118895
4808925
4810533
190878
4814472
95571
121461
4814921
OOAUE
4795791
4796160
112577
4796878
4801970
112315
4811950
4815326
4822650
4827338
4830887
133180
4831653
190878
4839272
141872
4848489
UAEAU
105339
4828239
4832548
95620
4834597
4837558
139853
4838852
4844905
158135
4853613
140310
4859584
127553
183353
4869523
4879085
4886506
177499
140456
115713
4894835
149162
4895515
4904827
4914779
138422
4916894
4918792
135602
4927578
4933664
125460
UIUEIAOU
129098
4920424
UAEAU
130481
OEOOEE
4905489
OOEAEEUAOA
4887270
IEAUE
138422
IAOUOIE
4855765
4858195
UE
133642
UIUUOAUUA
4815565
65714
4825496
4831470
4836322
IIU
AIUIUOUUIE
OEOAUUUAUI
169576
IAIOOE
4781246
4784570
EE
101494
71652
4762905
130481
135602
4765229
135718
4768600
4775532
4776155
100674
EE
130163
112315
4777572
4783394
99157
UEOIIA
UIUOOAUEI
4760870
4763084
4763301
4763740
99157
4766425
4774248
4782261
4790833
98724
4795583
4796398
120684
128229
4800696
135391
4805239
95443
125460
112315
129383
4806419
IOIIIUE
4786068
IOIIIUE
4786868
4795439
IOIIIUE
144561
IAEIEU
4793325
4802219
4809414
4818934
122545
113827
90179
4824599
4828701
4834380
4841473
163211
157601
OEOAUUUAUI
AIAUII
IUAO
4789573
4794841
173344
142238
4804345
127548
4806476
97371
4807925
4816819
EUIUEUI
4798101
4805057
177804
4808454
63652
114916
4812467
104192
4816943
4819993
4829872
4832820
4833100
127506
178056
130163
IOAEOU
4824280
4832505
119493
4840378
4848232
139853
IUAEI
4849675
IEIIUOUA
99157
4832679
177499
4834146
4835488
4840543
4844571
4848617
AOEE
UAIUOIAOE
4839079
OAIUOUE
4822899
4830193
4831612
4837879
139765
4844482
105339
IOIIIUE
4847266
187392
4852165
IOIIIUE
EEIOIEE
4844200
150204
IEIIUOUA
4821724
4825567
130989
IAOUOIE
115582
4800200
4800659
UAEAU
117781
4777145
4778880
4781414
109576
126369
144561
4787839
118554
4795599
155810
4802191
4810859
125775
EE
132696
4794146
4803624
4807718
119572
96616
4811006
4817504
4821554
IUAEI
125116
105692
OIIU
120684
UI
4772014
4779922
III
116546
4763415
4768195
118554
4774255
4777744
4787018
EUAOO
EAIAOAIIEO
131905
169594
4755092
133642
144956
139765
4763582
4773356
4779527
119440
IOOEIEOUOE
4771519
91133
169835
101110
144956
4776308
105720
4781372
4788898
4789490
4797125
4799821
4801590
4807315
119641
4814617
4824119
4827859
4829950
191664
65714
88689
UUAOUAOEU
4820805
AEAUUEOUA
224324
EOAAOOU
87064
4803691
136826
87064
157502
4812105
4819949
4829077
4831563
114519
4838660
4847827
4854027
129204
94334
4859110
105192
126369
4867975
EOUAOUO
130989
4867155
188679
100295
4873232
4882185
4889511
4891048
4891665
4900004
4903752
EOUAOUO
136498
4901953
4904827
4912697
114519
4916016
135799
4925808
4931094
131905
4932432
143181
147544
AIUAEUEAAU
94334
103850
144561
157502
4922899
E
AIAUII
129391
126369
4891913
4899139
131905
4902952
149811
4907126
4916941
69735
177804
4919911
4919925
4921156
4928594
OEAUE
4922534
AEOEOIEOOO
106568
4908750
AIIIAAAAE
4907259
158753
84107
157502
130107
115582
105339
128239
4911485
100831
4916324
AIIEUAE
131374
183406
4905821
4914806
4922187
144295
4926368
4933198
UEUAAI
4924720
136627
100831
4928741
OOAUE
133488
4930769
4939634
4947380
161092
4954337
4956706
4963239
4972468
124841
OIEUIOE
182531
OIEUIOE
147205
OIEUIOE
138453
4957879
4962823
169576
4970437
4970449
4980153
4985566
4992447
4994837
EUO
4980779
161092
123208
4982408
111128
4986420
4991036
4992244
4999820
5001318
159368
143181
183852
A
104301
171137
5000805
5009729
121557
5013061
5020890
105339
103850
5025603
130989
116546
A
5020667
5028049
OOOUIAIAU
5008105
5017569
5023863
5029582
OOOUIAIAU
IAEIEU
EEIOIEE
AOEE
150204
4973070
133642
137515
4974607
162464
EEAUI
137515
4979152
110965
4982478
103850
EIEOA
4960037
EUAOO
4958706
EUIUEUI
172636
131447
4943417
UIOOOAUIE
OIEIO
4909335
4914574
4918717
4924827
4931109
4935267
4941275
IAEIUOIO
4927710
156752
138118
EEIOIEE
4912668
4920679
4922280
4929520
4933808
4938911
IUE
4938520
141528
4946537
EEAOIII
4926904
EEAUI
150925
4902944
129098
136510
114783
4912254
4917789
4922584
116546
4930912
163289
4932781
4942580
143181
4949894
4950532
106568
4952129
128962
4956265
4960630
4964524
4967280
150094
4971674
4975570
4976981
4983195
187392
4991247
97065
AA
109576
114783
63652
4979308
124086
100831
4982890
4986547
4995286
4995911
4996793
5003896
5008448
150094
5009580
86030
5013170
144101
149736
5017372
87758
AA
5023119
EUAUEEUAO
5023429
5032481
149854
5038627
145577
5045910
5052943
5054560
116445
5058772
AAEIIO
106568
IEAUE
5027502
5033384
IEAUE
122891
5033007
5035570
5045221
5052764
86580
145522
65714
5060410
105720
138422
171137
170039
EEAUI
5048962
5051081
119641
5056075
113994
AIEIUUI
5041834
5044438
105437
5049980
AIIE
O
5013534
147205
125116
5020676
5026214
5026486
5033340
119707
5037931
OUEIAO
5026884
133488
5028196
5037768
155801
5040472
146476
105692
171137
5045511
104544
5048539
5055769
84316
5064725
190008
131298
5067670
5077274
5079371
5086285
146476
106709
5088570
5093829
OUEIAO
AIIIAAAAE
5085568
5092889
104211
151670
137515
5101997
5103451
5104926
146476
5105434
5105685
5111047
A
158753
UOEAUE
UOEAUE
5057446
156752
105437
105720
114799
5063210
5070237
5074445
EE
5052302
130741
5054418
143875
5060178
5061941
122891
5069176
125261
5071471
153413
125116
5080606
103850
158033
5088972
178270
172636
5098088
5104498
106330
5112277
5119218
145453
5126237
5135652
86580
149854
UAEAU
5116480
5124533
106740
5126139
5127346
5135947
5139358
148460
138625
124086
5142084
5148812
5149009
5154356
5156167
5158885
UIEU
5130516
120729
5134767
5143012
5145220
UIEU
5142647
5148333
UEOOUA
131905
5126869
5126977
158033
5130690
UEOOUA
5129440
5136520
UEOOUA
136552
88689
5140289
5146863
5147349
5152041
UEOOUA
5152263
166552
140456
130825
5159858
5166306
5167160
170039
151670
5171500
5178955
5187455
166552
102942
5192056
127578
5197469
5205420
5214477
5215831
152843
5216662
5224468
128962
5224575
5230874
5235754
5241324
5250515
UEOOUA
5252013
105720
107406
5257530
5267207
IOII
180611
5247652
148460
5249287
5250951
5254790
5257712
133756
IOII
5263279
5272794
AA
119295
EIEOA
5254404
UEIOOI
119295
91133
5242765
158033
5247103
137728
5250112
5253065
149811
143341
IAUUAIA
139116
OAAEAEUIEI
86030
5234372
166658
5236581
5240750
5241413
140208
5249895
174249
OAAEAEUIEI
106709
5255697
5258271
138118
5264222
63652
100831
OOAUE
100831
169524
5263028
5271912
5273523
UEUAO
115480
5250256
5259332
182531
5265561
171531
5272139
EU
189327
EUAUEEUAO
115480
5240127
5248438
5254561
EUAAAUUI
AIIIAAAAE
140883
104462
AIUIAAUOEO
UUEEO
121139
5195664
5198192
OOEIAEA
UEUAAI
5156285
125261
146405
UAII
5135694
5135797
5138099
146068
EOAAOOU
5135177
113703
132053
5136773
AUOAEOUA
AE
5105680
158753
OIUEOI
5085893
179050
OIOEOIUEEI
5090054
5096027
148460
5101474
226211
OIOEOIUEEI
129204
196039
OIOEOIUEEI
211570
128560
5100222
166658
5101755
5104969
135799
137149
EIOUIUE
EIOUIUE
124953
5096462
5097246
166830
179321
EIOUIUE
5098743
5101223
AA
145453
233309
UE
OOUA
129423
5049772
5057379
AUOUIIU
5059564
5067065
5067792
147671
UOAOUEOUIA
5052283
178270
5054323
5057139
143921
124187
5063472
5069252
5077320
158033
5078912
5087902
5092682
141528
164839
5098168
OEIOIOAEO
5079700
5085535
5086795
5090420
5092569
105720
5099431
AOUO
160617
139905
158033
5075063
190008
121139
108906
5083767
5084070
211570
5087381
116445
143508
5096486
AAEIOE
5090218
5097289
5101618
5104819
5108364
5116665
5119628
5120528
5126571
EIEOEOIOA
5124096
5130188
5132591
5141419
O
UEUAO
IOOAI
5084324
5092170
5095403
5103861
5104192
5105549
5109736
5116878
5120670
5121354
5127815
IOOEIEOUOE
5100637
AEA
5092608
5100550
EI
EUEIIIOAAO
5064856
AIUAEUEAAU
5046150
132019
130138
5046656
148745
107406
AA
5030875
5032741
143132
168398
73055
5035319
5038460
5046586
5050317
OUEIAO
129204
115841
IOAEOU
158697
IOAEOU
5031806
119998
73055
5034726
140815
111499
5043135
5048493
5052940
177936
5062328
5068482
158753
116511
5078105
5086158
5088607
122550
5095346
5096849
5104994
169524
UEOOUAIOI
5103931
5109822
131374
144890
5110659
AAEIOE
174249
5091617
5094948
119295
UUEEO
OEOOEE
119295
5080639
5086737
5095934
75720
104747
5097419
OUO
143617
5078820
5086135
135799
116496
5095806
131102
5100104
5108476
5116519
5125504
119998
5127937
5137369
129383
5145339
211570
5148753
116511
180084
144101
AA
5127473
AA
139905
180084
5129624
5130088
143132
128005
5131439
5140003
UUUAIA
AAEOEUOU
145522
AIUAEUEAAU
5112856
5112995
202591
173134
5118477
208020
124769
5120382
5121335
5126035
5130295
5137544
150094
160697
85691
118486
5141168
5145760
5155272
5163978
105720
122550
IOAEOU
5156576
132019
158033
158033
160617
5163733
UUIUAI
5146599
129858
131905
148070
131905
5154971
UAEAU
5151529
5158328
IUEUAOUAUE
IUEUAOUAUE
181428
5142804
OIOOIIOEE
OIUEOI
5106069
99601
AIUIAAUOEO
158697
5109457
172982
5117387
5119789
170433
115582
OEOOEE
170039
5111312
5111587
178601
IUAEI
5100773
5104795
5110199
112739
134144
5111220
5114545
AEIAEAAOI
AEIAEAAOI
5118331
5127236
5134853
148621
5137253
5142066
AOEE
5136811
208020
5142249
5151777
5160199
5169403
5178514
5179279
163875
202591
5188268
132019
5195842
5198653
5205112
AAIEIIOEAU
5190901
5200639
5202190
5207858
159327
5212560
5217254
5217471
5217712
131374
5225244
126516
OUEIAO
5209387
5218492
AAIEIIOEAU
5198994
OUAEIO
5176710
5179737
164572
127578
AOEOIEI
186641
158033
143132
OEAUE
AAEOEUOU
5136506
OEOOEE
235062
190008
5133598
134999
5135584
134999
166337
5137058
214589
5142362
5149914
5157358
5162560
AOIUAE
IEAUE
214589
126516
5129395
5136113
5137755
IEAUE
AIIEUAE
5131251
5141003
157227
130740
144913
5149215
EEAUI
5135075
181428
5138061
5140327
5147786
5157647
154242
IOAEOU
127578
5158401
77388
5167113
5168311
5175119
157227
179806
144913
5184420
5189579
5192982
5198793
5207984
5211858
117586
OOIIUEO
EAIAOAIIEO
5170732
182531
211570
120321
5176901
5180004
5183638
AE
108161
5182255
5190462
5191615
154242
5193280
5198991
5204711
131102
141528
131615
5210653
5212042
5217377
224500
5226495
5229407
226211
145825
156577
5237213
5237568
5242343
165978
118926
105002
5245631
AIIE
5249825
147046
133471
5256477
5266051
5274906
5277253
235062
5281770
5286945
5294276
134144
5296794
5296909
5305078
179685
139245
159725
5306766
5311178
5316310
144101
5320424
130163
AAIEIIOEAU
193238
5314633
5320655
5330249
116621
182186
5339891
5345928
129204
5352943
149212
5354315
190008
5357586
AOIUAE
IAEIUOIO
5326527
5327396
208020
IA
169607
5302070
IAEIA
5300182
EUIUEUI
188991
155222
5287473
EUAAAUUI
5273573
OOEIAEA
5257539
5262438
5265802
5270173
5273941
172927
5281524
5285283
134144
5292933
5302408
147046
5306966
102942
163875
5307463
EEIOIEE
138453
5303754
152806
149274
EIEOEOIOA
AAEIIO
180084
134999
5270849
121776
5278632
UEOOUAIOI
170085
5272775
5282068
5283622
152733
172927
219566
152733
5288765
114193
128936
5289607
5295711
132669
5296586
5303396
113659
5313211
226211
UEOOUAIOI
154593
5316650
5319621
5328804
5329346
154242
161185
113659
5334239
109472
117758
113659
181428
IIAAOIIAOA
5339390
77388
119326
5340857
IOAEOU
AIEIUUI
AOIUAE
5320468
5327428
5327642
109472
UEOOUA
132019
5329822
5332893
104747
5336368
5344031
166337
5345724
EEAUI
AEOEOIEOOO
149212
5316194
5324426
154802
5325011
182730
5329026
5333268
5335358
EUIUEUI
138432
163596
5327035
5334074
5342613
152806
159245
5350066
5359049
AIEIUUI
5332194
5333690
5340138
199496
5342788
5343395
5346703
5352911
154242
105002
5361965
IIU
105720
164320
5359772
5361245
5369198
5375293
131215
5376994
5378668
5388579
5394835
5398412
77388
UI
235062
5388465
EIEOA
5391400
199496
5391635
5398851
141243
5400836
UIUUOAUUA
128005
AIUIAAUOEO
5383736
5387708
5393512
5399552
125116
UAIUOIAOE
5374561
5377806
EIOUIUE
5377642
5381264
144890
150559
5387081
5387398
138281
5388726
124828
117758
5396524
5398485
5405479
5405950
122550
5409427
5416102
5419734
5420812
5425446
192893
5432228
156577
139431
155698
5439813
AOEE
5421448
5422166
5427622
179806
183424
147046
147067
5435127
5436204
153577
5438343
5444028
5444607
143332
5444776
5447225
5450217
186127
IUE
5446676
5454880
118638
162925
5463412
180084
111686
UUIUAI
5450248
5452922
5458314
168703
5466082
5468452
5471440
193238
168843
5477804
5479197
5485711
129243
IIU
5467434
5470917
130740
116621
5474501
5476428
5478918
150559
EOUAOUO
146207
5456533
138281
5463457
5472462
208020
183424
EOUAOUO
5473214
144890
OEOIUOOIO
121776
UUUAIA
218573
5451748
154242
129243
160896
5457337
150349
186865
5466851
215192
5475372
168662
5478343
160408
180084
OAIUOUE
AUOUIIU
5459514
5467044
209468
5471080
5471102
AEIAEAAOI
5460030
AEIAEAAOI
5464500
5467152
154802
E
69702
5452157
E
OAOAOEAUI
132173
155698
139997
5448556
AEIAEAAOI
5430374
5438404
144890
182531
141742
125420
5446580
5453475
134999
207935
5461955
113907
126395
5462880
OOEIAEA
143964
5438828
5444544
100148
IA
5436178
134999
5436273
5439957
207935
105002
106124
5444606
UIUOOAUEI
120729
5444469
5448970
IUEUAOUAUE
IOOEIEOUOE
224500
153829
5418961
106124
5424227
154242
150836
AA
5423177
5430432
5431689
5439624
5446297
116621
5447972
5452758
5455766
5458113
5467477
OEIAIA
5457588
5466194
143125
OOIIUEO
113907
138432
5451812
150387
5454443
IUAO
153487
5441189
IUAO
5445458
235062
5452404
164322
EOAAOOU
5441869
5450417
139377
155801
138281
5452941
132145
5455861
5463131
191365
5464722
5473569
UAOUEIU
IAOUOIE
5461672
159272
5470129
5479091
IAOUOIE
5479129
5479558
116621
UEO
UEUAO
150559
5454405
UAAOAIOA
5446423
5453878
AIIU
150552
226211
149034
UUEEO
IIAAOIIAOA
224500
5414228
5415661
128936
122498
125434
5415881
5422563
5423250
5426304
5433370
5436556
5436691
IUAEI
EE
5403649
102942
149580
EE
102942
139997
159272
5411107
5420381
5429982
138031
192893
5430436
143332
146816
AOEE
128936
5414269
151950
5417341
181428
5422446
OIEUIOE
5414610
5422655
5430389
127192
5435534
IA
211340
5412462
5412504
5420941
85691
5424630
123437
5433927
5438956
150552
EUAAAUUI
183966
149034
IAIOOE
5424256
5429871
5439629
5440438
EUIEUAUEOI
5434348
170085
5440505
5444631
138796
5450569
158184
5457943
5465904
5465908
5467134
133471
5476994
216645
5481425
IIOEUI
153487
5461476
5461693
5462929
5468526
5469768
IUAEI
5462518
149274
112380
223668
5468400
OIAAUOOI
160408
IOOAI
IOOAI
5424279
5427872
5433062
5439422
5448961
5450043
I
216645
5441452
5447336
5450850
IEU
5444745
5453332
5459503
IAEIEU
5440097
125116
5450003
O
5454488
OIAAUOOI
122386
111686
212164
5432634
5440797
5443193
5444817
5446621
5450344
5451996
5460272
144874
146410
5464858
5467007
5468308
5476429
83238
5482686
5482713
5490283
AOEE
5485019
5486767
5495279
5497552
150925
5498373
5506848
5508381
154242
5509339
IAEIEU
158051
132173
OUEIAO
5481308
EE
EOOUAA
5429586
5436542
UA
5416299
IAIAO
IAIAO
113473
5387173
144890
5391944
UEO
122032
5372399
139254
132952
141243
122498
5376777
121732
5379586
127388
OEOIUOOIO
5385010
158184
5391398
5401007
5402020
IOOAI
5389149
5397638
EOUOIAAIEO
176885
5393178
157086
5399305
5401623
5404471
AUOAEOUA
5381419
5390415
OIAAUOOI
5375869
5384885
OEEAAIIUOI
OEAOOO
5347463
5355764
5358088
192893
139431
UEUOI
OEUOI
5350097
5351368
IAEIEU
167994
5338799
5341690
193238
5346250
5354851
5360651
5369244
124698
172350
5376943
5378838
5382523
160298
160408
5382539
5382696
5392454
IAEIEU
161241
155698
143125
5397569
IOUIEAEU
139441
5378739
5380483
5382097
5391286
5393454
5395671
IIU
5391180
5399440
212164
5408980
5409592
5412431
5415361
AEIAEAAOI
5399866
OUUAAEAO
5386430
180439
5389400
5393059
5397589
121761
189460
113301
UAII
5395191
UAII
5401911
147120
5404862
5411730
228627
5413710
154802
5420908
192893
152884
5421147
5423334
5431637
5441062
107764
UUOAUIOUIA
5412674
5420010
5421565
157086
5430445
5438561
5441469
5444911
5445679
5451061
121732
5457083
188129
5466647
161241
5475438
148910
OAIUOUE
UOEAUE
5434962
5443929
149274
5447964
184598
IOUIEAEU
IOUIEAEU
145971
138434
5436862
5443338
5451804
5457231
139254
5460354
5465589
138434
149274
5465814
5472960
223741
183931
5474307
5482873
5485152
145971
5493071
139441
5493360
160719
5494330
134658
IOUIEAEU
5490098
5493168
155956
5499156
5507482
5510125
204356
5515409
5518747
139254
5527882
150836
5530114
136778
5535556
UAOUEIU
5536226
5540895
121761
132952
5543140
138556
5543978
5549207
122550
215352
UAOUEIU
143258
5556805
175534
5560702
IEAUEAO
173194
5545164
5553093
148652
EOUOIAAIEO
150925
5546297
5553228
5555646
155346
5557740
UAAOAIOA
125434
EO
5542003
5545667
5553161
144874
5554879
5563259
5566187
109919
181933
5567494
5575240
5584257
5585536
5594671
5604299
137267
180506
189353
199496
5605585
111686
5606760
83238
223741
124086
5616181
5623749
5627399
146824
5628493
121791
5629538
5638833
UIOOU
148910
158984
5637276
133735
190236
141895
5645811
OIU
OIIU
198510
UE
142342
5590960
IOOOIAI
229023
191365
5568504
167745
5570056
OOEIAEA
EUIUEUI
5561591
204223
152553
180439
5562860
5563239
5569093
115631
5572260
160298
5577947
5582384
5591199
5600039
5604368
5611655
137267
198510
163112
5616337
115631
5623219
5632044
5640123
5643795
5648492
149939
5656362
5666012
183452
180506
IAOUOIE
5655158
5664464
5668833
184962
OUO
133735
5663706
139431
5672216
5680691
5687846
182244
152739
5694056
AAI
169316
5673723
141243
5675024
138255
146824
5677604
AAI
107764
AAI
AIEIUUI
5635708
5636496
123774
OIU
159005
5642485
5650533
5653213
5657039
5659844
179403
5660003
5662541
5669552
AAEOEUOU
152739
5651340
IEAUE
107764
137876
5647307
5656315
146207
163798
137267
AAI
5659073
175534
5660992
5661896
5666034
5675718
83238
EUAUEEUAO
5676411
5683483
164322
115867
5690113
5691091
IEIIUOUA
5681440
5690274
127840
AAEIOE
180506
5676705
5684534
AIIE
5688386
5695689
5704830
155780
113473
159005
AIIE
5705324
133384
138255
5707776
AIIE
119974
5711213
OEEAAIIUOI
204356
189862
162925
UUIUAI
5697438
5703706
121791
OEOOEE
5679609
5681677
5682013
5682767
158716
5687994
93190
5694107
5701923
180788
5707166
223091
174272
167277
145475
5716128
148652
176664
5722013
5731734
172919
5741175
5748793
141243
161038
IOUIEAEU
5729891
155956
5738455
5738540
127239
5745640
130138
OUAEIO
5731407
UAEAU
IOOEIEOUOE
5690127
5698074
228547
195019
141895
5700830
5703563
193696
5708114
IOOEIEOUOE
5707504
OOEAEEUAOA
115631
164812
176664
AA
130987
156733
156733
144637
5669384
150395
5674140
155671
5680424
5689440
5690033
5692471
AEA
5676448
197168
163798
140842
5683171
5689700
5693877
5695057
AA
169316
162376
5684999
188371
EOU
OAOAOEAUI
5670969
EUAAAUUI
193690
EEIOIEE
5634685
5635798
5636690
5637756
204356
IIAAOIIAOA
204223
160689
5631539
152739
5640401
167165
148652
217566
5643036
195416
5647024
5650152
5651144
5655230
137876
169802
223091
5660311
5660365
5661018
152553
AUOAEOUA
5651138
5660722
5664684
III
OUO
5655227
140842
5660860
200684
5670066
OUO
5667083
5669397
170038
188371
5673461
169802
162044
5673847
155780
5681792
5689148
5697325
128936
186056
5706344
5712199
5713739
5715511
5724412
5727375
152884
OOOUIAIAU
5720788
5728751
5733150
5740430
5749517
162376
5751143
145475
5753061
5756405
5758668
OEAOOO
5746395
IOOAI
5745018
5750926
5751367
160241
5754954
5757645
IOOAI
5756823
134658
5758856
152995
197168
5761225
5765944
IUAO
5743222
5744085
5748702
5749387
115711
5755326
5756694
152995
5765872
5775249
UOAOUEOUIA
5755599
5757629
5758349
5763685
5770810
5772424
5774022
194409
164322
5776885
5785295
5786217
5787089
5794528
124841
AUAUEAEA
5797864
UUEEO
OOOIO
171748
5761879
UE
141895
160867
5739778
228547
UIUOOAUEI
5727458
5737368
5742043
5742138
154423
5747020
162044
5750095
EOUOIAAIEO
5727152
212422
142313
140409
OIIU
5707959
5710542
UA
AOEOIEI
AUEEOUU
5655343
5656258
177708
5666152
169802
5668026
5675960
153310
5678581
5682898
123774
5684012
156654
5689718
162376
123774
5695334
219948
5696569
124841
5699378
IO
EOIA
5674232
149939
5677634
169316
5684707
130138
175534
5685145
5693029
5696015
AEOEOIEOOO
5698012
5705740
207935
5712098
UEO
5714395
5716173
5721222
229754
5729958
5739081
5746932
155346
5754719
5760753
178137
158184
5769218
148652
124698
EOAAOOU
5760143
154196
5769554
110401
5775480
178207
A
5770796
5778670
140409
169316
5784582
5786070
AAEIOE
EEAOIII
5755713
159353
5760516
OOOIO
5745428
5754546
5755160
142977
5764578
5767548
189972
5773387
5774647
UA
OIIAOO
5738120
5744307
5747464
5751214
5752307
5753614
5758924
5766355
156542
5772765
5779345
IEAUE
5765625
5767864
200964
156542
84282
5770885
5778787
142313
UAOUEIU
188535
5767834
5775666
223091
5777875
5787303
5789089
5797642
123774
160241
176664
5799147
160241
5809061
160500
EEAOIII
5784484
167698
5793163
5799737
142682
217566
5807959
5815301
5819620
5822495
5830403
EEAOIII
162013
167435
5829752
5830768
5836652
5846430
5850003
5858844
167971
UAOUEIU
5844264
210334
121244
5851654
5857503
5866245
140842
5867557
5868547
5873351
UAIUOIAOE
192571
5857652
5861418
5871000
5874494
III
5865284
5871246
163065
188248
AOEOIEI
5853273
162925
5855402
137518
160500
5862489
5868250
5871128
5872544
5881922
5891880
5894547
166901
5904231
172003
5913843
5920326
148652
148652
5920730
5924382
169802
5924658
168209
5925434
198642
UAII
5901400
5910722
5915009
207664
166901
5916270
134248
5925201
IAIAO
5920065
EIEOEOIOA
OEEAAIIUOI
5912612
5914854
5916513
163228
206061
5918716
207935
OIOEOIUEEI
141163
207664
5916491
OEOAUUUAUI
5898176
5907725
5911107
EOU
5906038
5906874
194409
126714
149238
189972
5908270
5910273
169316
OUO
209333
197366
5882033
168209
197344
5888544
5895852
162376
5905757
5907603
5910095
182244
5914460
5917420
150395
EOIA
5912854
200095
5915444
5918620
5921022
EUAUEEUAO
106182
172003
5899637
160500
5900123
5909655
5916737
5924854
5926956
202394
AEOEOIEOOO
5928314
5928452
