8539
EOOIIOUE
0
0
EOOIIOUE
EOOIIOUE
11659
20642
0
UOA
17975
19166
19597
25222
31543
38567
0
0
0
8539
46831
51916
52743
62296
0
71234
0
76300
289
83008
0
84736
90889
100023
109896
116556
0
0
126197
135138
143898
150229
150466
154854
0
OEIIE
148764
149602
0
0
OAAEIO
128712
0
134328
138999
0
143447
144404
144654
154215
156294
161976
166922
3646
169814
0
IIIUUIEIII
0
0
0
160705
168546
169920
172140
174963
0
0
183342
188795
193423
0
202958
207358
213273
0
0
0
0
0
219827
223682
0
232974
238402
241223
IIEIUE
0
228406
232067
235412
241157
AUIOU
238678
242873
243426
252244
UOAOOEUOO
OA
202149
211163
219418
0
0
0
223034
231378
238091
243082
AAEOAUOOII
221484
0
0
UOOUEUE
224402
0
230235
239613
242638
14924
0
OAA
237808
0
246735
246954
0
247703
251557
259971
0
OAA
OAA
0
259089
264650
268654
274527
A
0
4388
251159
8938
8793
257025
262951
270044
275635
285433
8539
0
293834
297795
307159
0
15962
308507
309576
0
IIEIUE
0
302308
307473
0
O
OU
5085
277330
286884
290128
298113
298662
303948
IUOIIEOOO
8938
8379
295781
299701
302653
OIAUAE
AOAUEIOE
0
AOAUEIOE
EEIOIUUA
0
AEIAE
220420
8793
6807
222894
229055
232329
237592
O
O
0
0
233522
234767
240121
0
243615
247531
249610
3646
0
252921
0
261729
271706
0
UOOUEUE
AOIIEA
0
0
0
0
IEOEIUIU
227329
233168
AOIIEA
IEA
I
164385
8927
165342
171830
173816
749
182819
192437
195550
IIEEI
0
UAEEEIOUOI
3646
6807
175491
183165
189223
3961
OAUEAUAA
164895
EEIOIUUA
0
EUUIIIIUAA
139239
139471
140771
IEOEIUIU
132044
140036
146395
147769
150250
4628
155635
159386
162126
0
0
UEAIA
155707
0
7024
164736
167200
EEOOAOUE
161352
AAOAOEO
0
155348
0
IUAEIUAI
146359
IUAEIUAI
IUAIIU
0
0
14497
IUAIIU
UAIEOEIUA
91401
91824
96098
AEAEIA
83934
88169
IAAIAAI
75981
79307
3036
EEOOAOUE
69357
7891
29500
78050
86508
88825
94532
749
96489
105255
IEA
6185
96580
7024
105965
114619
124315
9913
OAEIIAA
107650
114715
UAEEEIOUOI
98486
101723
105631
110403
115678
8938
AEEUU
113165
120968
124547
0
10238
124958
7024
UOOOE
116279
121859
125005
0
130814
136902
142306
142468
UOAOOEUOO
0
UOAUOA
AIOOUO
7405
74854
84191
EAUO
AOEEI
2892
74558
8938
OAUEAUAA
67672
17988
8654
IUIA
0
8401
EUAIIEUOEE
17661
7960
53566
9913
12690
59963
11006
14323
60774
62838
12159
19027
7904
71478
78542
84465
UUEOUAEI
92510
UUUA
7093
77725
EAOIE
OAA
43647
3961
52893
55036
OAUEAUAA
55833
57201
11006
60277
63421
5745
63477
67824
25600
67962
35588
73122
IIEEI
5932
3842
13212
IIEEI
27724
45996
5923
53437
4293
61042
IEOUAUU
51201
57967
58319
66597
76103
10014
9836
0
78328
12201
7891
3751
87897
0
93929
0
UOAUOA
78090
2866
78657
79050
UOAUOA
83717
89293
98780
105105
114072
17563
UAIOOE
14955
AEAEIA
7904
7090
89507
93067
17892
102024
5932
0
110770
115241
118933
UEAUI
IOUUAEEU
82277
85664
85929
0
0
92024
0
95280
25600
25106
OAAAI
95736
4293
0
2064
0
13321
99031
105609
113106
117318
IIIUUIEIII
IAAIAAI
17547
I
59991
10435
7904
19244
20653
66294
69057
77980
3961
4293
E
UEAUI
57747
7091
0
66178
13655
69605
UOOUEUE
9991
9179
7308
66036
7091
72912
74708
19244
81273
UOOUEUE
20740
87264
14468
UOOOE
79065
5923
79813
82304
13655
15331
0
90303
7308
92726
97155
12981
AO
19244
96583
3560
9463
100565
UIOE
28528
12981
82655
89312
UUUA
2317
EUAIIEUOEE
83938
3751
88994
97792
107404
111568
119080
124942
127642
7891
127977
5275
EUAIIEUOEE
23347
19244
AIIEUU
121250
1728
125859
128900
135576
144552
146837
148272
153217
14468
24092
OAAEIO
134165
11798
138414
9101
8882
13655
138742
148575
148598
156711
164418
8576
164538
165533
169566
0
176967
178052
183670
186770
196406
12690
8576
0
24092
204296
211523
212738
220344
20653
O
2866
213353
215033
UIUO
OEE
181157
181524
0
183399
8938
193034
193580
196567
IEI
200760
19244
208886
AU
183904
16980
11506
190826
193467
200495
IUOIIEOOO
25715
11683
174834
UIEEIEUO
154535
31346
159765
160191
167004
749
IOOOUAUAEU
25600
151061
IAOI
144779
153316
13208
26693
156265
IAOI
161112
167264
176722
182017
UOOUIO
176140
17547
178187
AOAUEIOE
164179
167478
OEAIEIEOIO
169574
13748
176226
180186
190010
A
24284
UIAEEIAIUE
154064
161134
163047
171997
180369
182660
17547
189566
195340
24092
201234
3861
206595
AI
184137
189028
197431
200701
24092
207127
208406
210213
213405
221388
AI
AE
218195
221834
15952
230690
19244
237215
5275
21468
IUOIIEOOO
8243
IOUUAEEU
9179
UEAUI
180088
186524
11683
194201
9179
196910
200609
10171
24092
208575
216667
18497
EAUO
209929
215742
217824
223218
230992
236066
749
AU
IIAEEO
208609
EIEO
8843
206664
16766
209112
215306
37930
16766
220265
228201
21110
230091
17661
236465
UIAUIAAOIO
228213
232789
242098
243731
3961
26954
AUIE
214873
217879
218076
AUIE
UOAOOEUOO
196957
200266
205569
207529
214760
224510
3861
AIOIOUIAAA
212576
1913
6303
218855
27781
223696
13748
10435
24579
24050
27781
8573
227391
10068
234705
16720
OIAUAE
208300
210703
17661
27260
21780
14493
OIAUAE
18497
UEAUI
207164
8843
210275
217086
26419
28983
UOOOE
208465
14698
25715
9654
213922
UOOOE
217132
220180
225561
230124
234399
11250
243897
22363
244581
15348
250006
253890
18426
258517
260600
21780
262527
269503
276311
IOOOUAUAEU
28700
266228
268696
19501
278586
283098
285098
294732
47230
24028
300607
308449
314347
316439
322698
327667
28983
330228
336576
345564
EU
334428
11683
339177
344394
14323
EAUO
17661
346436
OAUEAUAA
25715
337067
AOAUEIOE
336549
341021
28870
5701
341351
348911
349101
356203
361410
36436
369756
26086
374882
14515
16766
383613
5275
391993
15673
EEOOAOUE
383957
28745
384170
25680
391227
35359
28745
22971
36803
6680
401168
6680
37930
EOIOEUUUIA
401735
16417
UAIEOEIUA
16283
13535
25680
382119
386241
392871
6210
399823
408655
27877
417161
UIUOUEO
12883
416182
418186
420848
422950
13856
OEUAUAE
3244
24028
AIOOUO
14770
AIOOUO
17661
388526
24579
9101
38542
AI
362244
372152
376160
14770
377920
385001
388538
389613
15952
392862
397099
404078
408063
EUUIIIIUAA
404705
38763
7843
E
381316
13856
387028
394947
401459
409576
411740
39122
418275
422872
47230
432233
749
11222
435176
435415
441796
451008
456694
19496
460191
469890
IOUUAEEU
7904
15740
455625
28745
459687
460800
463372
40057
7843
IUIA
460812
464335
22363
5944
470748
25494
478733
482314
489099
491167
EI
477369
485928
0
28994
492721
500298
EI
506426
510454
47465
517639
26192
30114
521062
2474
522839
526830
47230
531237
532396
11683
541672
544442
547133
UEAIA
522482
21631
9101
525439
534070
538614
546693
29142
30114
29280
553024
7904
IEA
35359
27233
546985
13822
12883
548193
UOAUOA
25318
29280
31346
545340
38763
EUUIIIIUAA
6680
6303
17736
527909
531156
24328
533934
16766
27260
541508
33651
546985
551005
555408
559289
12690
OEAIEIEOIO
25753
AEEUU
535420
543572
24328
OA
545918
551917
OA
560070
28528
IAOO
546705
553239
EUUIIIIUAA
546886
553991
21110
17619
559001
567219
36436
570830
578104
13856
11250
15314
580835
585618
E
572362
16246
10669
581070
589162
AO
17097
15027
568332
575348
10338
25753
580503
IUAIIU
555837
10908
IUAIIU
3751
IOUUAEEU
IOOOUAUAEU
530435
531147
531315
532328
749
AUIE
3111
A
12883
502035
55845
502932
8804
23140
24028
AI
480549
489178
498889
500240
505908
513401
35359
517577
517592
521262
524715
38763
524892
529861
533031
AI
55845
11114
524319
531322
533959
31803
537809
546725
547138
IIIIUAAIEU
16283
525929
AOAUEIOE
517425
20709
AUIEIU
497975
31346
47230
505061
16437
505162
AUIEIU
507551
55845
513986
2474
516579
28545
32814
16442
523499
6175
531585
534840
537223
542314
27045
543971
544806
10068
21631
551016
560369
562168
15098
564327
574271
578598
579396
586103
594619
EEOOAOUE
578973
36976
46734
588105
591692
594457
595060
603340
3961
607903
610492
UUUIE
584931
588508
597429
606890
6680
33651
UUUIE
613059
620586
OAEIIAA
606803
3111
16884
OAA
14504
19095
599763
603362
EOAAU
602133
604522
606010
606840
EUAIIEUOEE
601086
601107
602649
602687
610336
34586
18044
611901
30070
47323
615094
UAEEEIOUOI
26082
598233
16968
I
580326
I
582418
23140
8804
EIUOIAA
9930
560052
21780
43313
21631
EIUOIAA
8376
49732
11114
EAOIE
553546
EIEO
AUUII
46734
523708
533095
IIIUUIEIII
521622
749
523549
531775
541516
20742
32339
545131
IAOI
EUUIIIIUAA
514342
29280
514648
24028
UAIEI
512669
IUAEIUAI
500735
506069
IAAIAAI
506315
28545
508195
509134
AU
19821
15553
33651
30828
498533
502192
49732
511469
517045
517278
523135
20257
42936
529445
536361
540842
30509
546479
547380
556953
16283
559474
18639
6680
564646
27128
4356
7726
43313
568942
16437
18639
O
AO
AEAEIA
508384
510467
4356
514368
UOOUIO
499005
503341
508131
517418
522435
30372
525152
59054
531291
540623
30828
546332
IUAEIUAI
35594
532987
538697
540008
546835
550355
553566
27233
IUAEIUAI
550641
AU
38017
532359
15759
540322
0
IAOI
515245
13429
16442
39933
522717
31216
EAOIE
31216
22445
520279
35105
521259
525588
531004
533238
8804
535264
541653
11042
29548
59084
16437
541805
546805
34131
IAAIAAI
33780
529930
UE
30828
526384
527488
27760
AUIEIU
522054
UIEEIEUO
16884
515359
524841
529296
17677
533027
539991
33951
544493
21780
546214
47245
550066
553226
50498
557323
558203
15098
561003
A
19249
557593
16442
I
548755
AE
EIAOU
52119
28462
50498
514042
518787
522968
OEIIE
508704
509082
AU
21780
21110
32040
42936
492426
40121
42936
38216
497282
503807
507332
508119
509141
515919
38017
21589
522423
16246
19821
527909
28462
533100
541956
543711
35414
545095
550464
9973
AU
557100
OU
36631
16157
40121
539946
IIIIUAAIEU
3751
529726
533924
AIOOUO
43932
3132
532815
OEUAUAE
21780
22554
530287
531353
535845
28098
541499
549837
3111
52119
24939
554951
557676
565523
34131
571389
575427
9818
UAEEEIOUOI
553291
25680
560635
563723
568264
16246
574081
582279
591019
593989
UIAEEIAIUE
571627
41565
32339
580356
583302
591976
UOOOE
IAOO
3132
28462
72673
16246
550985
65791
32078
558089
567110
568876
574313
576745
EUAIIEUOEE
576842
UAIOOE
38542
560170
563773
573362
582636
585171
588666
598047
606751
610413
30828
612566
615156
620024
626645
OEAIEIEOIO
618595
AUIOU
621201
621959
35414
AUIOU
15098
13830
43932
628007
29280
30828
633375
640505
20872
645619
653814
654403
17069
30372
28098
659467
665945
17729
670543
671080
671753
AUIOU
670952
UOOOE
27923
670544
IIAEEO
17729
661975
8804
EI
53226
643633
650623
AUIOU
25680
651776
656402
664927
670859
EOOIIOUE
25212
3132
UOOOE
23995
634635
13729
UOOOE
641536
646149
648040
650264
65791
26625
33280
655420
660402
34447
2064
27488
667707
OAAEIO
38972
26504
26625
11408
664480
673658
38542
673818
AAEOAUOOII
668339
674311
680796
686877
692431
23995
42882
3111
696510
37983
703441
38957
709194
713930
IUOIIEOOO
AAOAOEO
24866
696063
702981
43907
40121
710823
713675
47245
22445
714565
AE
688437
690229
699122
23995
701593
35419
32139
706840
714031
714281
27607
13830
714423
23233
720954
727621
728126
728584
22990
AE
731563
35813
AUO
10908
735642
742233
23714
24405
AUO
43907
743738
752383
758504
38542
43907
IIEEI
754381
19963
763189
34447
35419
771918
IOOOUAUAEU
UAEEEIOUOI
731013
3111
27923
736827
18904
744243
750000
753285
UAIEOEIUA
740025
744445
36856
754249
IUOIIEOOO
754669
758765
14940
759161
27923
35419
765115
769369
771993
53226
15759
779980
787398
AAOAOEO
44703
780431
783336
67817
53990
790526
OA
OUEAUOOAU
753550
IEOEIUIU
18904
742835
747391
757264
763290
23474
15193
766183
91536
37983
22445
775733
13707
38129
776736
786448
UOOUIO
765980
770425
774671
778399
A
774770
777047
780938
IUO
AOEEI
761606
771510
OAA
44703
33280
AOIIEA
38972
737455
744554
749951
18880
EIEO
25396
751311
43500
32139
752504
48459
8792
35303
754447
13429
759121
761787
57383
EIEO
52220
762626
763134
48459
771032
772357
781097
783875
784353
788526
788722
44703
791588
34447
15193
4698
795625
804281
808242
20115
22990
31391
813092
37743
813359
818353
39855
818844
35414
21162
825225
834720
49205
IAAIAAI
3111
0
839362
39812
843141
843801
53990
IUAIIU
23995
838250
IUOIIEOOO
43034
32139
53586
818098
826716
828739
39855
828804
47604
832844
839535
35105
29150
844617
848869
23714
850141
35414
5010
43216
858900
861453
862160
870866
874030
878323
886571
887833
892432
32312
899275
36856
907166
IOOU
909034
918217
10576
919407
923686
23714
I
900911
IIAEEO
32078
889743
13429
22567
897718
27473
24617
900520
UAIEI
34890
903078
911944
915926
920460
922818
928090
AUO
928705
33280
934239
58806
936639
AUIOU
924148
924585
925706
27489
927078
932567
932850
937451
23714
23755
58806
937630
944754
78651
952289
955772
959222
967297
974370
981023
982999
986861
991540
999862
UAIEOEIUA
49245
986210
IOOU
35105
14263
969608
31716
977263
980445
988853
30292
43660
8792
995702
1003526
1010158
69401
34441
1013550
91536
35105
IIEIUE
37576
1015459
1017800
1021530
1022035
53025
56985
31391
1030430
1038531
1040703
1049318
1050312
1055064
1061760
IIEIUE
43500
1060775
1068678
1073845
1081069
1084694
1086133
1090857
33280
27489
1094261
1094502
1102329
44903
1109092
32078
1113288
1116746
1126635
AEEUU
40290
35813
1128854
1132249
1139788
47245
21162
1140180
1146522
1150727
1152667
1161695
35105
1168948
1169655
1179424
49245
1187169
UOEEUI
1188794
1191693
23474
1194674
UUEOUAEI
1187412
50511
1195162
1200318
1203086
1206767
8792
1214641
EIAOU
27473
1214251
1215735
20872
1222640
1228834
IEI
69401
AEAEIA
13729
1213848
1218887
1223047
1227513
AAEOAUOOII
13729
63151
AOEEI
27489
1208521
1214160
16001
EEIOIUUA
23474
1199716
43660
43500
1208051
1215572
1222690
1228163
31391
49205
EEIOIUUA
1235652
1240838
28098
1243209
1249457
1257556
20115
1262785
1272685
EEIOIUUA
1279756
IIIIUAAIEU
58340
IIAEEO
1268388
1277860
1278260
1280228
1287335
1294027
43797
1296336
IIIUUIEIII
1276635
53586
22990
1279777
1285673
40290
IEI
1274605
1274953
1276305
28537
IEI
1258376
34131
1267433
1271566
1273975
1281997
43034
AIIEUU
23474
28537
17978
40290
1272441
35813
57278
AUIOU
1250570
17978
22103
14263
1259328
UIUO
1242836
1242922
1244124
1253192
1260149
1265395
67887
UIUO
1257390
AI
UUUA
69401
1200882
1208074
1216688
1218545
UIAEEIAIUE
1204158
IEA
1178881
33280
1179688
1188037
IUAOOEO
1185245
1189673
1190689
AEEUU
AUO
1167756
1169117
AOAUEIOE
17527
17527
67236
67236
48104
1172147
1181551
1182399
54436
39812
31762
1184425
29150
1185358
10576
1189211
1190174
1193829
1203703
AOAUEIOE
21162
1208246
1215385
43284
77113
1221512
59395
1229126
1236576
1241057
1245914
1252169
EUUIIIIUAA
OEIIE
1232694
AO
1205716
EAOIE
57278
51319
33280
27473
31716
1183197
1187627
1196389
1198701
EEOOAOUE
1184109
53025
1188780
1197952
1201726
67887
10330
23474
46043
38840
56985
31762
1208965
1218026
1226584
1235203
EEOOAOUE
1235483
60915
1236679
1238684
35149
17527
1240252
1240990
17527
26844
1242130
1244502
28545
AU
16602
56985
1227312
22103
1229892
1238657
1242236
1244228
38129
1245513
1251790
AUEUIUIUU
14346
1242933
1244275
1248635
1257036
1266428
28371
38129
57278
35813
10908
55050
1272843
UEAUI
1252779
1261308
1265920
27584
1266931
1268679
33280
44937
AE
1250270
1255282
IEOEIUIU
1228177
50690
1228233
50690
EIAOU
EEOOAOUE
1188511
20872
1188873
1192654
30559
1199398
1204120
1204987
38542
1212503
1219685
1228622
EEOOAOUE
1231215
27489
1237193
1237513
1245744
1255310
1264565
EEOOAOUE
UUUA
1239429
1245793
1248862
1256137
35813
1260541
1265292
35681
20872
1273399
1276671
1283469
28812
1287411
1294997
61672
1299414
48459
1300115
1305601
1307793
UUUA
43216
OEUAUAE
1288241
1290755
46043
1292840
56985
31991
1300811
20872
1309354
1312657
1316732
1318321
12004
17527
1318739
1325576
1328216
1334001
1335645
62820
1337478
29336
1341999
1344542
1354087
1358807
1362410
35414
1364436
1372656
1381122
1389709
UIAUIAAOIO
1386602
20872
30787
IEOEIUIU
10908
38617
1368619
44114
UOAUOA
1367579
44114
1376922
1384556
1390558
38129
OEIIE
1386959
1394625
1398738
17527
30559
1398955
1402185
1403968
1406111
1411434
1418939
1428559
1432802
1439144
35149
IIAEEO
40989
1439098
46043
1448416
50511
1454886
43660
UIAEEIAIUE
28371
1443290
44059
1443968
1446640
71779
35149
1448347
AU
21045
1435276
5010
72486
1441193
1450025
1450437
1450578
38129
1455807
39542
EUAIIEUOEE
40239
52244
39542
OAA
1425766
1432545
1434007
1434713
1441891
1445255
1455139
46043
UOOOE
1455116
1458253
16602
1465307
1472649
30787
1481276
19107
49556
53935
1485809
AE
44114
1487754
72486
1490057
46043
UUOOIIE
25305
61672
1482192
1484624
OU
1459207
68806
1462053
UE
1446875
1450767
1456816
1464718
34320
30787
1472266
1476578
1480787
1483890
5010
1486082
71779
63381
50511
UIOE
53025
16602
1472322
50690
1475465
EUUIIIIUAA
1473077
70878
23474
1479676
1480993
EOIOEUUUIA
56828
I
1462587
46043
IOOOUAUAEU
1450415
EEIOIUUA
80808
23474
1446164
UUI
21224
1421281
1426588
46043
38887
20667
60682
50519
28458
49209
42250
1430387
1439212
1446091
58483
54372
1454114
UOEEUI
EUUIIIIUAA
34257
1425830
1431855
1436544
1446522
50511
1454046
1461834
1468266
1473801
UAIOOE
51812
62820
1466266
49209
58483
1472095
43296
55599
1474848
1480842
UAIOOE
46671
1481777
1483373
EEIEOEAI
1460156
1468126
1471782
1477432
1483500
1488277
1496392
54372
EAUII
UAIOOE
1470419
AUEUIUIUU
1469547
46842
43869
58636
10908
29150
1477547
42250
1484048
AUIEIU
1461664
1464667
UO
EIUOIAA
1433067
1441291
1442957
24849
76089
1452344
1459136
1462295
1470312
1475257
1476615
1481586
1488608
1492485
1494665
IIEEI
UEAUI
1464198
42250
50260
1466508
1467492
18405
53184
1471009
29631
47616
1474570
28995
1480422
1483557
AAEOAUOOII
OAIEOAAO
51815
1460927
33978
30559
1470225
21723
OAUIAAO
1461374
EIUOIAA
1445733
1447445
OAIEOAAO
1426429
60745
55126
1435136
1441030
35655
IIEEI
55050
1420788
1426692
35681
41766
1435712
38899
44882
25419
AUUII
29150
44937
1418166
58435
1424254
82654
1428666
1431069
AUUII
1430430
25414
58550
57473
80808
UUEOUAEI
UIAEUOIEE
94156
I
1388164
1389863
1390886
61464
UIUO
1369894
1377928
1378369
81617
76089
1388150
35681
1397827
1403572
1408602
74673
1417644
61185
107353
1422631
UOAUA
1420293
1424913
80808
1431558
1434727
1444137
50511
1448643
1450904
1454630
AE
1443274
1443378
88004
1450648
AE
1452631
1458853
1467771
1474426
69321
19831
AE
IUO
1468140
47458
UOAUA
EIEO
41810
30043
33978
58550
53807
47458
107353
1454466
EIEO
25419
1439502
1444941
1445840
EEIEOEAI
1426573
1434656
1435729
52123
55599
UIUOUEO
1432905
1436912
64195
1441434
70699
107353
IUUAEIEIE
1444987
1450465
IUUAEIEIE
IUUAEIEIE
IIEIUE
40855
1441542
1448496
51815
46222
1451431
38345
1451561
1455702
1457515
42001
1462331
1469974
1476374
1478631
50511
1482305
69171
1482658
1483446
1493268
1496078
1496314
1496508
1502067
UAEEEIOUOI
1486136
29631
1487308
1494283
20420
1494534
47458
1500377
58435
69207
IUAEIUAI
20312
38345
80808
1474660
EOOIIOUE
1448798
EOOIIOUE
1448871
1448940
25414
1453145
41766
1457362
1459615
1462493
1472204
47366
28995
46222
75689
1474618
107353
1482862
107353
UIUOUEO
1471838
UIUOUEO
62157
55144
1472112
1474711
1477850
28995
OAAEIO
1451931
1461637
1465698
59273
1471206
1481010
1485328
1491021
72976
1498295
1506405
1515609
52874
66035
1519081
49057
AUEUIUIUU
1514785
1522600
1529723
51815
1538556
1542998
1543274
UUI
UIAEEIAIUE
25464
AOIIEA
55126
1480055
OEIIE
1462107
1464213
1470647
UO
EUUIIIIUAA
43216
EIUOIAA
1418104
59581
1419589
EEOOAOUE
66775
1420798
66769
1422257
20312
55144
43216
53807
1431159
1438684
UUUIE
1438427
29631
53807
1439088
61483
46450
75689
40180
1447587
1448204
1454076
1454313
63902
40602
80390
62820
1460557
1465859
1472158
UUUIE
1470041
1472733
1481037
OAUEAUAA
38345
46222
1466825
1473038
66052
1482976
1491520
1492709
1501261
1501799
1509281
40180
20312
1518969
AIOUOUOAE
1515859
AIOUOUOAE
75689
55144
1521843
1522180
1524142
1529804
32069
61464
80390
55126
1537042
AIOUOUOAE
72779
63082
17548
36106
1542254
55126
66052
1550850
EUUIIIIUAA
1543443
UUI
UUUA
1514068
57260
UAIEI
1507995
OAA
1503093
1504235
1513774
1517104
1519092
80852
1525130
42786
1530872
76089
1535120
1536025
EU
1532163
1537043
80946
42527
1544701
1550650
1553150
1560579
1562107
1563695
1568807
1573693
1580908
1583519
70699
32776
AI
1567639
58435
58053
1570755
1571153
1573587
1576221
54082
73852
1578781
49057
EEIOIUUA
1557168
1557547
99448
1567281
1576327
IIIIUAAIEU
66769
1562391
1572099
50627
64512
54371
1578192
1585876
1593328
1595604
76089
EOAAU
1588389
29150
32069
EEIOIUUA
35408
UEAIA
OU
30976
1554967
1559937
1568626
1574139
1576307
1585111
1590315
1593209
1600429
1609509
EOOIIOUE
1588532
66555
OAAAI
UEAIA
49678
1564462
1574432
1579252
94258
UIUEIUOEI
1561865
1568183
58754
82654
1574453
1576044
42197
1581393
42786
1585700
44085
53025
OA
1580009
1585047
1585101
OUEAUOOAU
1580615
58754
59219
43483
AOEEI
1581080
1584908
1592096
68604
1598643
39301
66769
82096
1603219
26381
82436
1612062
EAUO
1608357
UOAUOA
59881
1607621
1616787
1624765
1630475
1631813
1639184
1645147
1645997
66769
43216
1648584
1651274
41539
1652118
57260
1656473
IUAOOEO
68078
1631727
1638628
AO
OAUIAAO
1631796
1634013
59273
41575
1643885
49007
62820
58602
1648804
1654937
1659991
1660810
1665098
1669078
35681
34730
69207
1674695
61876
1681805
46222
1684421
20312
1690330
AE
99448
1683400
51335
1684949
35408
1692393
AE
116720
IAOO
29812
34807
1681677
1683178
47616
1691419
34807
1693926
1699860
20177
AO
1692377
1701836
1711234
1712403
1719636
1726947
1732491
1739438
41575
20312
1740150
AO
1740919
AEEUU
1734819
1744263
1750760
1759576
1760093
44210
1762262
49678
18405
1762287
1764349
50452
80390
1764828
UOAUOA
1763134
33839
1764906
41053
UOAUOA
40157
1767698
83898
1774766
1783206
1791806
1799831
44085
1800791
41575
1808906
49007
1817469
EOAAU
1794369
1798642
93269
EOAAU
1802430
73852
1810197
1810390
63082
1817911
49678
1821413
UOOOE
1819660
44085
IIIUUIEIII
1795733
48513
1799800
1805929
82096
IIIUUIEIII
AIOIOUIAAA
50452
64580
1809039
1811270
70479
AUIEIU
1795494
1799646
1802077
58602
1807722
103981
UUUIE
62820
1784733
1789408
58602
UOEEUI
1771816
60236
94156
49007
1774235
UAAE
73092
1754869
AEIAE
1745674
96908
UOOUEUE
1722804
1725641
AIIEUU
71244
1707488
1709244
1715015
56006
1716080
UOOOE
1712747
64580
1717366
1723350
1725884
51455
UOA
23550
AAOAOEO
1684666
1691094
1696994
1700907
UEAIA
60236
1686511
AOEEI
41053
42744
1664059
1666443
IOOOUAUAEU
UUI
1622902
UIOE
1612213
90189
1613409
1618366
1620829
1623165
1625610
56633
73092
1633018
1635006
1635828
1637594
1638883
1645594
21769
23550
1646480
1652869
OOEUUEIA
OOEUUEIA
OEE
62820
1621991
EEOOAOUE
65417
1604600
36649
94253
1608493
20177
50452
EEOOAOUE
EU
48104
1596014
1597101
1599815
1607229
1612000
50526
1616871
66311
EU
1614421
1614463
1623360
1632011
IUAOOEO
1629458
109722
1632176
62196
20177
1636689
41053
1639944
42744
1647617
1651889
1656833
A
1649834
1657661
62196
1660101
96041
1661320
1661699
1667035
1669298
51084
18405
41575
1669408
1672304
40627
58450
44529
1680342
48503
1686633
36746
80390
1689808
1693765
66311
64580
1700970
48104
71011
1707802
1716880
1724028
1732881
96041
1739551
68723
1743052
1746510
1750544
58602
68078
1754827
1756576
1759486
36746
UOAUOA
1742893
74237
1744651
1752208
56109
61249
62711
72779
1758619
1768404
1778252
1787329
1789279
56633
97715
OAIEOAAO
1783700
UOOUIO
EAUO
1741511
1750698
1752376
EIAOU
1729061
1733727
23550
57695
58602
1734104
1743850
1752612
41432
44403
101057
52204
1757297
64226
55090
1757774
AOAUEIOE
1760252
OA
1758366
72681
1764121
57695
UIUOUEO
55090
1759586
36649
1766941
1775863
61445
1779890
1781100
EAOIE
1778477
1779352
1782238
IUIA
1771875
UOA
1765432
48197
1774493
1774619
1780588
1789810
1791229
EIAOU
1770605
73852
1777093
72210
1784323
41575
UOOOE
1768575
68521
50230
36746
1769762
102335
1770132
1775978
1783862
1786705
1789962
1799663
1807248
68723
1809668
1812782
1814837
1822844
74771
63907
EAOIE
51609
1810134
58309
73852
1810725
1813554
1814157
62196
OAUIAAO
80390
67904
1796329
50526
20177
1802280
1807593
1809832
50230
47895
44403
50627
35681
66311
1814467
1820062
83030
1825000
1834453
48711
1839635
1841686
127927
66769
IIEEI
51672
1822554
1825500
1833344
1843250
1849502
IUIA
81126
1848756
1858056
68521
1862566
1869587
62205
1878713
79817
IAOO
24442
62196
49007
1856652
OAUIAAO
64155
AIOOUO
1846448
1851556
1852750
1862352
80390
1864276
1866355
1876349
84833
34807
1876360
1880802
1881555
AEEUU
1869293
1875921
UIOE
74771
1862084
1862243
69567
OAAEIO
UUEOUAEI
1823337
77685
52204
OAIEOAAO
1799483
1806876
1810273
103703
52923
82654
1813363
1822990
109722
IAOO
AIOUOUOAE
1783927
1787284
55733
1789704
1797372
1805860
1814937
80390
62205
1819767
51609
1821492
UUEOUAEI
103703
1812230
58838
1819309
60454
65271
36554
1826041
54404
61666
1833278
76973
AOIIEA
AAEOAUOOII
75789
67869
127927
1799309
1802624
UOOUEUE
1793934
1795154
AEIAE
1786329
1794866
80390
1802766
1811456
1816585
1825602
1834765
35681
61187
53976
UIUEIUOEI
1827990
64260
1828950
1837386
1841897
UIUEIUOEI
40627
64260
112838
85476
IIEEI
1820311
1827096
24442
IEA
1834765
1835742
60454
1843346
49007
1850903
AUUII
49007
34807
IOUUAEEU
97979
75789
1815801
1825275
62711
84833
97979
UIUO
45409
1828168
1834397
AOAUEIOE
1818652
53976
EOOIIOUE
1809567
AIOUOUOAE
1811936
1816714
1824601
IEOUAUU
I
1807875
75997
1817721
83525
1819564
1827536
24442
1835820
59075
OIAUAE
79480
59075
AAEOAUOOII
1798974
77685
1803567
25361
54220
1813174
54741
AOAUEIOE
1796251
1805385
136231
1809681
AIOIOUIAAA
1785008
EEIEOEAI
1776204
UOOOE
1749656
EEIOIUUA
1742432
1751558
1757398
116156
1762681
1764964
AIOIOUIAAA
1757997
1767709
1768544
1777263
1781687
IAOO
55365
1771085
1775944
1779882
1788658
1794083
75789
AIOUOUOAE
41575
56109
1783415
61666
70793
1789758
1798534
62711
1806212
1807163
91274
1811785
41575
1820817
EAUO
1816133
66394
1823912
IIIIUAAIEU
1800587
IEOUAUU
25361
1793423
1794519
1798056
122269
56109
EUUIIIIUAA
1779121
1779709
83525
IUIA
1785254
74852
1793423
1801453
64260
EU
1793209
IOOU
1779894
61522
UOA
1778140
68298
1778916
AIIEUU
1781006
54046
1782489
61857
67099
82654
68278
1790601
85327
AEAEIA
74573
UIOE
59508
AE
1749810
1753724
110355
86851
IUO
1754165
1759595
1764641
1773344
1780987
AOIIEA
61167
40627
1763002
AAUOUO
1769508
1770934
IEA
UAIEI
79480
1755817
1755973
1761308
EOOIIOUE
1745828
1751871
39882
82021
65271
1756767
AIOUOUOAE
IUAOOEO
89317
41575
68635
1729377
UAIEOEIUA
111850
48513
99803
71631
UAIEI
1692460
1695121
1696105
1700510
1710431
54119
61857
47231
1710871
59508
1720161
1721401
OA
66372
AUUII
1702815
1712099
1720878
1725744
1732252
1733067
1735492
53153
1743242
1748482
IUUAEIEIE
91274
AEAEIA
1721094
1722101
110355
AAUOUO
IUAIIU
1681282
89317
51441
IAOI
1673553
1681608
1686828
AIOIOUIAAA
1683868
1684517
U
1667313
I
1643594
1648094
1652159
1661733
1671709
99803
1673240
1677052
48191
77992
1681046
1684831
1690101
1694593
1695470
81555
54101
1696596
61167
1700443
61540
67099
1708374
1712752
AAOAOEO
IOOOUAUAEU
1703350
89317
61857
63854
76813
1704814
1707039
85148
47360
1709622
1719199
1724086
1727297
UOAOOEUOO
1702708
1708017
1711918
1720777
UOAOOEUOO
1721838
79462
1730476
1732527
1737294
1743969
AI
48513
AOEEI
1734986
AE
1721272
1725864
UAAE
AO
1673482
AIOUOUOAE
61857
1647246
80252
1654512
1663819
1672311
1680558
1687112
UOAUOA
81440
1682809
89885
45607
1689178
1693466
1693594
1696455
1697482
1700656
1705198
1708232
78489
1712343
1717773
1719197
1726315
EIAOU
UEAIA
61540
89993
1703136
85327
79480
EIEO
1687072
87348
54220
84788
1692282
IUAIIU
1666373
80252
73004
1673345
1682799
74573
1690047
1693706
79462
1701300
1705768
67099
1713759
58023
36649
UOA
54119
UOA
85327
82021
1696192
1701226
1704885
1711905
1719687
41575
1728286
AIOIOUIAAA
OAIEOAAO
1685651
67363
1688015
71555
117336
IUAEIUAI
1664849
1670903
1679714
1684570
1688874
AUIOU
OAAAI
84513
62139
53895
68635
1646917
AUIOU
1634925
1644719
84513
94160
EIEO
1639433
70565
1640837
1646924
1650798
88555
37083
EIEO
1654909
1664903
1666468
UUUIE
1650648
1657571
59075
32518
86399
1661205
OAUEAUAA
1653529
1653913
1663723
1670876
1680124
1682134
UOAUOA
1674159
54413
121742
1674581
121742
AUEUIUIUU
OAEIIAA
86399
36649
110355
98492
1656492
86399
38429
1659815
1669133
1676523
84513
61540
1683390
UUOOIIE
1667458
98846
OEAIEIEOIO
1662517
43895
79642
1663265
AEIAE
AAUOUO
57289
1637604
1644811
95244
1652046
IOOOUAUAEU
OAUEAUAA
1614612
IUAOOEO
1596724
87419
1605122
EOIOEUUUIA
1587404
98826
59075
1595626
86634
1605018
1606696
1612867
98923
46784
86450
1616518
1625582
98826
1634603
39638
EOIOEUUUIA
96165
1639804
1640599
1644405
1650777
1657557
1667497
1671399
57922
OEE
54823
1653150
80252
1653860
61167
EOAAU
55122
1643679
1646892
1651282
1657019
1662668
1669300
92543
20177
98923
EOAAU
1674736
88277
1683563
1687434
59865
1689910
1691418
65271
100638
1692578
39638
1695560
80371
48225
EEOOAOUE
53153
EIEO
1657574
UAIEOEIUA
1647797
1649613
98826
64740
77412
94565
1658838
OAAEIO
1648271
64740
66853
1652311
1657459
AUIOU
93685
92733
1640939
1646514
91578
UAIEOEIUA
1646855
57922
90227
61167
63207
1654674
80826
1659572
1669415
UIUOUEO
1658138
61167
1666086
1670356
1677426
84253
77710
1680296
1683052
1692599
1693989
1695238
1700404
1707720
1711858
100326
1715470
1719225
UIUOUEO
1716939
36649
1724044
1732703
77992
1736093
1743219
101669
1752753
87789
1761217
1762477
EAUII
53153
E
1716744
38429
1717611
EIAOU
76117
63207
1693705
1694674
1696095
1705179
1706113
1710661
1716288
73004
1726046
117336
AAOAOEO
68518
1698532
1702109
1706545
51672
IIEIUE
IUO
1706960
1715239
1724470
1730197
UE
IIEIUE
OEE
1679151
1681981
76117
110355
1683904
73004
1685720
1694357
1697759
66302
49582
1704949
92189
1705264
1711515
100638
1715728
57289
AIOOUO
89651
1694448
1696795
1700182
AIOOUO
1702107
UIUEIUOEI
1704399
84551
39638
1705267
1709917
1716663
IUUAEIEIE
1716315
1724269
98492
1732290
1736973
1745579
AOAUEIOE
1726455
103287
1736393
98320
O
1719632
UOOOE
1711315
1714796
UOOOE
1716764
1726116
82366
69069
84551
107466
84253
1730507
UIAEEIAIUE
1711344
1716256
1722149
1729399
1738014
38429
IUUAEIEIE
1712728
43895
1714459
1715550
1717679
1723126
74423
63207
1726818
1735657
89651
AOIIEA
1726937
1728306
1737285
1744640
1750383
1754757
88172
82020
77992
1758594
AOIIEA
69069
89374
AI
AUIOU
1730804
AE
1720516
1720538
1728061
54169
1728846
1734433
1744261
73522
1745247
IAAIAAI
84551
95239
1749395
73522
1750115
47345
1753822
EUAIIEUOEE
1752679
83728
1759385
1768733
AEAEIA
AUUII
59434
1740310
124340
84543
1746595
1749059
OAA
51672
EIEO
57289
1701434
121742
92189
1707896
64425
1714482
89964
1724340
1726543
118157
1734405
1741955
53153
1742215
1746382
83728
1755550
86787
UEAUI
AEEUU
1733505
94075
1743183
118157
86450
AIOUOUOAE
AEAEIA
51672
IUAOOEO
1713342
73522
54150
1718442
1723793
90206
1726493
102913
102913
1735636
96165
1745065
EOIOEUUUIA
39131
AO
98422
1716191
82366
1721404
1729045
1735867
1738984
149401
AO
128815
1734498
76192
47345
26929
1740666
1744044
1752898
1762615
92189
1771807
62743
1774944
93409
1783825
1792740
102250
165880
AUEUIUIUU
63207
165880
57289
AEAEIA
100638
IOIOO
80106
1742945
86787
89657
84253
1744886
O
1721709
86787
IUO
1721393
1725611
OAIEOAAO
1722541
78641
OAIEOAAO
118157
OAUIAAO
86787
1716304
EEIOIUUA
76117
122269
AEIAE
91236
78641
1689623
1696351
102250
61167
76117
1700011
1709393
1717321
1727282
1730620
I
77553
1709698
89657
1713832
AAUOUO
104692
1685297
95244
1690224
96610
101589
UIUEIUOEI
OOEUUEIA
78696
1646571
48969
1648266
86892
80106
43895
65376
113206
1650156
89964
92189
OOEUUEIA
AO
1616199
UUUA
100638
1598177
1604908
1613849
1614602
1622127
UOOUIO
88555
149401
71137
1613672
107318
1614396
1615089
IEI
1613966
1623618
1624047
77553
88410
78696
1629511
86892
58215
121742
59013
OAEIIAA
1609196
1618671
1620396
121742
AOIIEA
64804
1599366
1599404
43895
EEIOIUUA
67363
77671
77231
66302
OEUAUAE
1574388
1580347
1585917
UIAEEIAIUE
1565174
78934
AIOOUO
65376
1549522
109062
103518
1558559
86787
103874
1566607
1574497
1582845
1584228
IOOU
74574
1568740
1569142
1576985
107318
67363
1581346
102250
UIUEIUOEI
UIAEUOIEE
1535685
1536800
94350
1543560
66302
101402
1545349
1550979
104413
1558144
127369
125386
43895
1561679
1562092
1569139
1575850
89657
1582809
86892
82251
1588829
124340
55934
1591548
76192
1594748
90965
IEA
105448
1569645
89964
EI
1547112
82785
A
1519385
1527707
1536292
1539082
1544053
96540
107664
87951
101402
1551508
1552257
EOIOEUUUIA
1550553
60440
60440
1559320
AUEUIUIUU
86787
114668
1557900
1565675
61167
IUOIIEOOO
93409
1554894
1555001
1557990
102604
93409
1563394
1572705
61167
1578686
1585838
1595712
1603724
130298
77553
1607139
102604
OUEAUOOAU
1607648
AAUOUO
47073
62743
1584509
59013
1585838
1593680
AOIIEA
67706
1575743
1583247
1583851
118587
1591133
90678
1591422
90715
UOAUA
170914
108939
78339
1583357
108053
1588133
1589756
95729
104947
O
1579821
1585728
113809
113752
1594499
58027
UAIEOEIUA
UAIEOEIUA
1577346
76192
114816
104754
1584280
1587135
71776
1596119
1597477
1606409
1613821
1617537
AIOUOUOAE
93409
67706
1596689
66720
47345
1600702
1607143
78723
1615580
1619492
1628353
1633609
98904
126769
86892
104026
1638039
1644146
79318
53243
77992
OAAEIO
1627547
1636232
86450
1638730
1639583
1643826
IUOIIEOOO
1623653
56724
AUUII
1613951
71651
92189
AUUII
1619059
AUUII
89407
1622947
1625989
AIOOUO
150149
1629725
IOUUAEEU
1616432
UIOE
73522
1614105
1622055
1625927
1635902
67070
102586
1640393
OUEAUOOAU
U
102586
1603109
116080
92189
U
1604563
80691
82251
1609309
80943
1615601
1616229
1620424
77231
EEIOIUUA
80943
1603454
1613191
1622401
1630671
99353
1635010
114631
1643467
1645701
AIOOUO
1626849
1632777
1639063
1644009
IOIOO
72475
47073
1617347
1624338
1626900
80691
OAEIIAA
1615566
67070
1624575
1629162
1629245
UE
UE
91100
OA
130298
1605486
61780
1611971
1612002
1613431
AIOIOUIAAA
89964
1603652
AIOIOUIAAA
1604882
1606517
1613964
56135
1617737
1618983
105771
71776
82251
79186
1619962
113752
86892
1629786
AIOIOUIAAA
1639071
EEIEOEAI
1622456
43895
107587
1624279
79186
1633974
82785
58027
100325
1643757
134942
OOEUUEIA
1623794
AU
108053
124340
1612032
1617656
1621616
1629923
1635253
113752
102586
116076
104112
71968
IOOU
1631002
56135
1631857
IOOU
1636574
1641033
1642757
1645312
UIUEIUOEI
AU
UO
1594541
52221
71776
OAAEIO
EAOIE
92472
1575570
1585119
1592320
AUIOU
1578591
79318
112001
1586762
1595336
87005
UOA
UE
125069
1564253
87156
98550
89407
1573985
1577760
1584957
100066
72475
87775
1593772
1597060
59422
36923
1604323
1610550
97127
57395
1619006
IOUUAEEU
1596099
OEAIEIEOIO
AE
1567324
1575294
1577795
UUUIE
1586127
89657
107587
1596002
1601867
IUAIIU
89657
1593887
51656
81204
1595522
AUEUIUIUU
75459
100325
1592431
1593415
78339
102181
OAAEIO
120732
113909
1579810
79317
95239
AIOIOUIAAA
1567651
110800
1577429
1578150
121201
89239
85774
62461
EIAOU
1566733
1575464
1580462
EOOIIOUE
1573912
1583507
1587194
AOIIEA
133875
1586735
1594656
1598296
1602842
1610247
94426
1616472
95244
56359
1620639
1621558
125069
150149
1621586
150149
102181
1622462
109242
61780
1624374
101947
170914
1631514
102747
1638957
1645375
94116
1653615
119749
115046
1661515
1666388
AOIIEA
1673592
75459
AOIIEA
95239
1673055
100325
106663
104947
1681572
1689760
123682
EOIOEUUUIA
1669317
EOIOEUUUIA
1669919
1676042
EIUOIAA
82785
1675728
UEAUI
1674344
1678570
71776
UE
121201
1653099
102815
1662257
AU
AIOOUO
1638006
1639834
UEAIA
1632945
100066
106897
AUO
107074
74326
1615036
107318
1623971
112350
1632541
1634070
1640672
178044
OUEAUOOAU
1635519
1638527
63523
1641292
1641481
1645701
1652022
1657190
1664781
106100
1669666
102747
OAA
1656638
AUIOU
1637557
113391
57395
79318
127369
IUOIIEOOO
1623764
1623943
EEIEOEAI
1631313
115875
1632362
1639804
1649713
1659567
95507
95385
1668630
64192
1674688
1680479
1688519
1697785
106663
85774
90678
74348
1702224
115646
1706790
119749
1715236
AOAUEIOE
95239
95507
1695890
1702962
1709255
85050
102747
100066
1717086
1724933
1729975
UUUIE
1714064
90950
1714898
EEOOAOUE
80002
1714566
77912
1723272
1732458
94116
79318
71776
OAIEOAAO
OAIEOAAO
1731147
72735
107074
1731263
1737629
61780
1741987
1747712
1747864
106068
1749430
1758511
1760997
82785
UOA
64192
107074
90177
1752296
1760873
170914
106897
UUUIE
1741981
1747661
1751700
85050
OAAEIO
64192
84026
124889
75459
1746513
72735
1747511
87775
90678
1753149
1756192
1761646
146591
1766774
62827
1776602
108197
UUEOUAEI
92189
1753647
UIEEIEUO
1757347
106897
IAOO
1735175
1737388
134441
80002
1738706
109333
1740354
1745572
85050
1752275
84026
94116
110754
1755970
AUUII
1750241
1757324
64192
IOOU
95507
OA
116080
1724062
1733346
1739149
1745921
72735
EOOIIOUE
IIIUUIEIII
1722022
1723277
1732477
101947
125262
1736998
65297
1737613
IOIOO
116080
122940
1735794
64192
1738438
EOOIIOUE
1743445
130006
1748496
1750202
1754185
IOOOUAUAEU
1740570
1743553
131263
IIEEI
IIEEI
100176
1732907
1736822
92617
1746765
1751093
64192
IEOEIUIU
1731084
IUAIIU
EEIOIUUA
1715103
1721708
AAUOUO
1721610
79318
123682
IAOO
1720070
80002
OAA
1703477
109183
111625
115046
AOIIEA
1700610
OEIIE
UIUEIUOEI
1664461
67477
111625
1671379
1678090
1680227
1687375
129003
1691054
115046
100176
1692562
98081
1699592
1700222
146591
170914
138006
1702615
99353
68635
1707285
1715569
1724877
EUAIIEUOEE
IIEEI
1702426
1712283
82785
79317
107553
1717223
99353
1721793
1723707
OEIIE
108663
1710469
1717474
130250
115046
UE
1706127
1714164
1714690
66082
81204
123916
104930
AUUII
67477
115046
U
1675055
104718
133875
1676354
1680994
105238
UUOOIIE
1672419
1682341
1683592
75362
1688427
1691304
1695886
IUAEIUAI
134244
1676937
1677218
1684238
106897
93854
1691726
107074
115242
IUAEIUAI
139017
88387
1691078
1698353
1707522
1715931
1716303
134942
112107
1723475
90737
1726462
1734551
1744525
1747987
OAA
UUI
1709008
1718308
1724232
1730021
75166
UUI
1734931
1742478
1751560
1754331
114313
AEIAE
UOA
1744486
130006
122940
116080
1748345
UOA
1753292
1758354
1765824
109333
76957
1775440
1784645
131263
1788748
1798718
1804837
84289
1812109
UUI
99724
1791233
93242
1800068
1807555
1807822
1815936
1817744
185809
1820693
82785
71968
95244
84948
1825210
1827546
95507
104094
106797
1828831
1828988
1834370
IOOU
90177
97465
100176
1821562
117176
UAIOOE
AAEOAUOOII
1789221
99386
1790028
1794257
UOOUIO
1778108
1784975
1788561
112107
121590
1795925
AAUOUO
200487
106297
1784460
122940
102391
1789500
94426
99750
1789656
1797282
AAUOUO
1803946
58836
1813365
1816105
59420
124242
1819968
1829737
92189
1839131
106263
1843310
1847517
1853075
124242
OEE
1832972
87775
92189
107074
1840605
1845765
140829
115875
1846737
1855146
1857292
1862440
1866005
1869885
1878251
43970
1880343
1883795
1883884
75362
1892596
90737
1902004
1903784
1909635
82251
94887
1912930
1914049
I
1897804
1904152
87507
OAAAI
76963
94897
104718
106797
1900863
115046
1908900
1909173
1916095
1921102
94426
EEIEOEAI
111801
IEOEIUIU
OA
1873508
1880549
1883391
1891163
94897
98081
67477
OA
133020
1888439
108670
EEIOIUUA
60433
IOOU
59420
1861336
1870383
109333
1873594
1881260
133020
1881484
1888364
72627
1889651
54120
OAAEIO
1863198
124889
116076
84948
1872222
115242
1881890
1890091
OEIIE
1889410
111625
60433
138419
1892491
1893540
1898310
1906886
1916242
1917161
1923518
77950
89216
102815
1924806
82785
111801
1927263
1936079
1941023
1943487
IIIUUIEIII
147129
AEEUU
1911778
146591
UAIOOE
1901793
99750
94426
1909394
IOIOO
1907506
127109
135417
1908819
1917815
112107
108670
1923459
1925863
1926780
131263
1929033
109386
79792
IUAIIU
1910946
106656
130180
111801
112383
159003
108298
84289
1919076
1923135
1927720
1933392
87775
UIEEIEUO
1909566
94887
67477
108670
1911470
100879
1918098
AAOAOEO
1897479
UAIEI
92189
1872707
115398
1873060
81452
AU
115646
1853844
1854997
1860798
UIAEUOIEE
1857072
1859885
123549
1862298
96943
116351
1866688
1866712
1870115
122940
67477
UIAEUOIEE
1866679
1874655
116080
UIAEUOIEE
1882968
134624
210462
94828
99755
114075
94887
1889463
134136
57395
1892154
116118
1897886
1903518
48716
1903641
1905807
108670
1913303
1914623
1916100
1923800
IEOEIUIU
1927093
113574
99386
1928646
1928813
87775
1936949
115875
116475
108217
OIAUAE
1916751
AE
1900830
1904876
85391
1906154
1912413
OAAAI
AUIE
1882432
1890238
1897805
73722
1907511
115398
1909531
1915250
135417
123549
120229
1917210
111135
138419
118015
1922382
59464
138419
69568
1923704
UUOOIIE
1900007
UOEEUI
1877920
1879478
1884295
74521
OEE
UAAE
1864999
1873230
1877109
1884406
OUEAUOOAU
1863916
111135
1871310
1871730
1876764
122940
1880408
AEAEIA
1859595
140829
107816
1868304
114295
107074
AI
1861050
1868030
IIEIUE
1852388
1854235
1862765
1863152
109031
1864160
1866756
1869479
1869579
1871884
1878298
96163
1887161
IIEIUE
116076
UUOOIIE
1880878
79082
115646
AUIEIU
1871248
1872151
1874327
94426
AUUII
89216
1862971
112221
1867976
122806
1877568
1885889
IUAOOEO
80901
1880881
92053
96099
UUUIE
UUUIE
1873449
EIAOU
1860278
79792
1862617
90737
EIAOU
1863248
116118
98294
84986
102540
EIAOU
118980
1862638
1870026
OAA
147129
1843826
1846977
74521
1850296
1851540
1860013
1861360
1866648
1876027
140919
1878149
1884604
1887375
IEA
1885532
1888908
IEA
1876761
UUUIE
1874107
146967
140829
UUI
115398
123412
1850648
118821
1853740
94578
UE
1832844
AIOOUO
1832343
98725
1841208
1848831
1856184
1860284
1864429
1865565
100456
1867136
1873064
174295
115398
115398
1881727
178804
UAIEOEIUA
73722
96163
148243
1865845
108670
111135
48716
85720
1868073
79317
IEOEIUIU
UIAUIAAOIO
1841619
IOOOUAUAEU
94578
74897
67270
1821976
1827104
134624
72361
1835574
1839567
AEAEIA
79317
134621
1828388
1834455
1838481
112545
136501
1848295
72361
1850850
94897
94506
1857558
1861995
EEIOIUUA
EOIOEUUUIA
OAIEOAAO
1816431
1824587
1828561
92053
1834831
125715
IOOOUAUAEU
118980
85941
1820743
1824711
1834606
98294
124986
1836934
1838498
113108
1844902
1845967
156233
1847083
74521
1847328
1849073
94426
IOOOUAUAEU
124615
1855286
112545
1862491
1871780
114200
101004
1875484
1878467
1881297
120738
133497
1888615
106017
1897302
1900550
1904888
1907760
1914470
1920800
1924245
136501
1932619
1939605
85720
1943754
83640
1945107
1948658
UIAUIAAOIO
1932572
1932848
1935925
1936709
AUO
AOAUEIOE
1909680
1916924
85941
OEE
67270
1902317
OEE
1899648
119756
1901870
1906930
1915181
1918266
99386
1919793
90737
IIEIUE
1918194
1921359
1929675
UIUO
1905555
1914878
1918543
1921177
1929521
116475
1937813
UIUO
1942550
178804
1949566
116987
120738
96347
1954540
1955706
1960786
1965396
114200
96099
1969032
1974100
121122
AAOAOEO
1966519
1967170
103695
1973743
AUO
124999
120738
113108
1970707
121590
1979290
1988768
1994194
140073
98649
1997022
UIUEIUOEI
1968559
1970883
1976772
121122
1982887
IOIOO
1973704
OAAAI
1977591
1986626
1988362
1990277
118278
159645
1994952
IUAEIUAI
1978605
1988446
1993118
1999679
156210
111801
2007993
2014260
OU
2011167
2013076
2015844
2021054
2030467
IIAEEO
2002662
EEIOIUUA
IAOO
EEOOAOUE
1949773
EEOOAOUE
76208
UUUA
1945891
UUUA
IUO
1921724
1924356
113109
75123
1929480
1936332
1942490
137499
1949350
EU
1939880
1944568
1948155
1956196
1961105
E
E
1949302
91965
1949428
1951426
1956086
1962923
83944
1964604
119610
AOAUEIOE
122308
1956390
1958322
116987
1959291
112962
94833
1966023
1974522
1979155
1985356
EOIOEUUUIA
1960400
114234
1966728
1974322
1983901
IIIUUIEIII
1960994
112954
1968023
1971152
IIIUUIEIII
48716
1969654
122143
1973529
OAUIAAO
UAIEI
1938004
1945666
1953527
133004
1954019
93044
123827
1960389
AOEEI
127965
1944060
1947280
1952551
1957604
1958537
149851
96872
1964180
62826
1973026
1980961
142494
1986912
1990546
1998990
1999764
2003723
2011667
2018463
UOAOOEUOO
1991899
UIUEIUOEI
1992193
OAEIIAA
1984815
EAUII
1970603
1978644
1979102
153481
116475
1984306
1985964
1995812
185846
1997415
123986
1997741
2004445
137268
2005290
2010483
2016281
2022713
85078
2031958
2033408
2038611
142101
2040351
105674
2044712
2053811
123412
2060364
130669
142101
121122
UOOOE
146167
2043061
2043655
76208
2045319
2052484
84948
76208
2061695
114742
141277
2062839
66997
2063553
UOOUIO
IUOIIEOOO
123412
122143
2014997
114503
130314
105674
2015848
IIAEEO
2016447
2019343
IEOEIUIU
EAUO
165518
EAUO
UOAOOEUOO
1954305
156233
116475
1958500
112954
1963572
1971605
UOAOOEUOO
1975870
1982710
1983669
1986591
1995755
OEIIE
133004
1986914
1994185
114606
1999028
232767
2000580
105674
2008606
EOOIIOUE
76208
1998567
2006571
UOEEUI
1992266
139280
1994092
1995380
2004845
119610
2005507
AEIAE
145609
2012056
2021969
UOEEUI
2017133
2017325
84948
UOOOE
1993847
UIAEUOIEE
139498
I
101459
1965236
1971691
1979300
1986513
103862
1986951
1991891
1997492
2002451
UIAEUOIEE
1982679
1992087
87603
116030
118494
1995189
121419
UAIEI
EEOOAOUE
EEOOAOUE
IOOOUAUAEU
121122
EOOIIOUE
124986
1910664
EIEO
114660
1888266
1898017
140523
EEIEOEAI
1879947
146167
140268
1879981
114742
129630
1881719
1888512
130397
UUOOIIE
UUOOIIE
135318
1852730
1859704
102280
1861175
89620
170430
232767
1870072
129796
AOEEI
UEAIA
99386
1858305
OAUEAUAA
148078
1842477
1849609
1855131
UAIEOEIUA
EOOIIOUE
79674
95977
1827906
140523
85078
UOEEUI
167191
121663
1814455
124349
1820039
IEOUAUU
1811752
AI
136051
1810537
1812784
150185
1813201
1816900
139498
114356
1826451
1827941
EOIOEUUUIA
153301
1825413
1828235
130397
103831
87022
OUEAUOOAU
135318
1806083
1814679
1824476
123986
1830521
134197
155017
1839770
122143
1840392
114356
UOAOOEUOO
OAAAI
1796225
1797266
105674
1805972
1809627
1812592
1821261
128332
1821734
1828025
1832418
83745
UIAEEIAIUE
146153
1809501
87275
119156
1816475
1821276
1826688
1833191
1834724
1841961
EIAOU
142599
1835940
EEIOIUUA
1834636
1835537
119156
87275
1841039
1842229
1846823
110624
1849692
1855898
151839
101186
1864108
1872824
153644
53723
1879057
1882386
1889335
UIAEUOIEE
123986
1879053
85253
1887821
1896753
1902805
110665
1910176
1915565
UIAEUOIEE
1915808
1918436
93802
1918548
1922419
1922690
1929661
1931491
135168
1938664
1943425
1950782
1953518
1960994
142122
85253
110665
114356
1969048
IEI
AUIE
135168
1954148
164215
1962428
1971254
1973682
85253
AAEOAUOOII
1965804
1966427
1967348
1968953
AO
55200
1949213
184773
AO
1952521
1961943
1970910
1980153
124999
1988031
1992555
147304
UIAEEIAIUE
166977
93802
175132
1970036
UIAEEIAIUE
105058
105103
1972204
111810
1974275
UE
145624
1960424
1968107
1973131
1981303
1982817
85715
AE
1962648
1964649
UUUA
UIOE
100594
99386
105103
116030
151400
IUAEIUAI
1915389
1921575
92275
AOAUEIOE
1911903
106282
175132
1916939
1924258
100332
1925505
1933940
75123
1935683
1942602
1943617
106282
1944382
100594
UIUO
130268
162132
114356
87275
126580
150185
126580
1942599
108166
106282
1947524
UIUO
139962
155040
1955979
106282
162353
122206
125471
1957909
105103
UIUO
1954843
1961864
121590
UOOUEUE
1940224
1941792
UAIEI
1922745
157263
121083
1932414
1936390
1939959
UOAOOEUOO
1938494
106543
100332
EEIOIUUA
1945431
1950242
166977
1956020
103823
100332
OAUEAUAA
114195
125722
1945800
1946199
166977
1948105
1957549
133145
1960968
IAAIAAI
AIIEUU
1912663
121083
1917966
1925019
1929371
136757
134546
OAUEAUAA
121590
1928318
1934096
1934360
1938068
134823
E
185946
110429
IIIUUIEIII
116288
1909141
110362
1917152
1919225
1923079
1927040
1933886
1939940
1943560
127770
1947675
126206
1949019
1957998
1960384
168199
1966778
1971501
1980090
1986720
1988911
1989711
115933
126563
115791
1993993
UAIOOE
1992491
1999224
2007718
IEOUAUU
1983098
1990273
1997339
157741
138009
2006539
139694
114356
2012492
83944
2018539
119156
EOAAU
IAAIAAI
1992708
1998407
112962
2007328
165628
EEIEOEAI
110429
116030
1986994
165628
OAAEIO
1961738
U
125722
1954300
1957491
138009
123697
1957603
109819
1965669
136757
1974956
129713
1982800
1988569
1991880
1993307
2001057
2006370
2008822
129713
105817
153301
107955
115078
106543
2010821
2016648
2021171
2028851
2037820
162101
2038161
151400
2046937
2051157
2055198
OEIIE
2033546
83944
101864
OAA
131747
99581
2017233
2025829
2034092
116288
UAIOOE
O
1991657
1992561
1992931
2000093
100612
176376
122828
94973
115791
UOOUEUE
1981611
102705
1986476
130718
118080
112962
1987957
1997016
2005124
2012266
2012386
2022386
2029699
2032066
146153
2038145
2046137
IAOO
141257
2028772
2038194
184773
2048114
162003
121590
151400
2048977
179319
150772
2049627
145624
2052586
IOOU
101007
154446
IOOU
2048451
121590
168199
134823
2056502
128129
2057913
2063921
109819
2065984
2069592
2074754
131747
118155
2077961
249409
IAAIAAI
156284
118155
AAUOUO
2059725
2063461
2063832
103730
126580
2073372
2079587
AAEOAUOOII
107241
2076810
127269
IUUAEIEIE
UEAUI
121590
119470
161237
179319
UAIOOE
2038313
IUOIIEOOO
114356
UAIEI
115078
2029698
116030
2035096
101916
2042348
2048265
UAIEI
2055281
249409
2055485
2063655
2065470
155403
134404
2072577
2073165
128033
2076029
114438
2084339
2085928
114438
155596
110429
EAOIE
126206
166977
2078842
2085535
2087779
2092907
UOAOOEUOO
OIAUAE
146366
2078938
114959
134313
2088280
2097578
163822
2104650
2110578
2119158
2127710
2127762
2128042
2133574
IAOI
130100
2128593
2130106
2137425
2141021
116030
121122
2148407
2149905
2159497
2164521
2171955
IUAIIU
110179
102267
118080
2165873
2170459
141257
2177995
2185329
2190568
147626
114660
2190983
2194803
2198010
2199785
2202752
85715
2210420
2213134
2219491
154446
UIUO
143625
153374
IIEIUE
2185112
2186185
2191335
89361
OAUEAUAA
116030
2185947
2187489
87854
185946
121590
165628
2188553
2192293
2195235
EEIOIUUA
119470
2171696
2177617
2184468
UOAUOA
2170146
105786
IEOUAUU
114959
127777
122828
2160121
2164362
139736
75123
153698
107955
2173309
IIIUUIEIII
2159060
126580
AUIOU
185946
UAEEEIOUOI
2144473
2150607
2152029
111542
2159542
116030
2166967
2169418
2174350
2177852
120060
102267
2183261
2189388
2192695
142280
185946
171662
121615
2202610
2205462
127777
2210411
2214681
2219845
2227130
2230530
2235952
145790
161237
2239688
2246473
152740
2248059
2254730
2261791
2268758
114356
2271728
2273253
IIEIUE
2261834
2267401
136304
2274862
132817
2275343
2280268
UUEOUAEI
2271676
2274608
111542
2277097
164351
2286928
152740
EOIOEUUUIA
183236
2267516
2272660
2278551
EOIOEUUUIA
O
141437
124089
2280577
133352
121122
EOAAU
2281958
89361
AE
2265261
169726
AE
114660
IUIA
147626
IUIA
UIAUIAAOIO
UOAUA
2227643
2230024
153698
123129
148258
2236829
2246243
184773
AUO
2232551
2239784
2245226
144645
EIEO
2240304
121122
2240416
A
IUO
115078
EOAAU
2192125
2197429
AUIOU
135177
2191993
137709
2199170
2203835
U
2183617
141190
2187985
AEIAE
111542
2171832
2180167
2186095
2194362
123832
81493
AEIAE
2192772
2201062
146170
2205179
2214572
2220452
2225339
111542
2231484
2231578
136304
87854
2232329
128614
2240725
2245185
2251451
AEIAE
111542
2259796
2260724
2261311
121590
2265086
154469
113955
2269877
2277933
115593
142280
2281744
117016
UIOE
63061
2273527
142280
190032
2280945
2281934
2282654
163454
2286506
145790
UIOE
2288457
2296258
2305683
2313520
OA
165362
2309528
2310764
2311350
2312705
87275
2318433
120659
169726
IIIUUIEIII
168958
126580
2302869
171421
IIIUUIEIII
UAEEEIOUOI
2285714
2287245
2288470
2295479
2297155
2302975
2306300
128114
2314697
2320094
148203
OAEIIAA
128630
147302
135200
UAIEI
EOAAU
156284
UOAOOEUOO
2255051
156529
UOAOOEUOO
2260605
123832
161200
63061
120523
AU
2234199
2240949
2243334
IUAIIU
2231853
2232040
2233999
144645
135249
2234986
190032
112042
2240897
127777
152455
2250122
2258945
AU
163429
2258366
IUAIIU
2246656
2253446
2260512
2266226
165362
2269140
146170
2270006
173197
2277561
2283693
2286538
2288566
2295974
2300662
2306750
143204
2308920
2309525
2310198
2317543
128779
IUAIIU
2324532
135249
2324646
2327054
94155
148203
2328012
2329629
2335605
EOOIIOUE
254619
IIEIUE
2301761
124089
2311603
2321601
140975
2327371
141437
AIOUOUOAE
2316499
OIAUAE
2286867
OEE
97228
2264229
OEE
172926
IAAIAAI
63061
2248427
114438
2248602
158505
145176
2252173
2261321
2262988
2269761
116737
AUIOU
2251862
2260130
137825
2265552
2273204
2282959
2284521
119200
2285017
IAOO
2273553
126206
148203
2282960
149585
173197
2286714
2287955
2297219
IUAEIUAI
63061
2289514
IUIA
IOUUAEEU
2253711
EEOOAOUE
116904
156284
2238884
175165
135018
2242009
158505
156457
2246198
172902
159968
204310
2255005
115215
2257285
OUEAUOOAU
133456
118808
123832
128630
AIOIOUIAAA
2221698
2223827
2228909
2234233
156284
140975
2236959
2238458
116857
2247516
2256185
2263623
2267721
121590
2269560
172902
115215
2273338
131799
UIAUIAAOIO
EAUII
EAUII
182994
OIAUAE
167245
2237331
140132
2239605
2245236
131992
2250971
2254253
2259196
2263675
OIAUAE
2264302
2266410
2268651
2269513
2278018
2279547
2280887
181165
UUOOIIE
131799
115078
2282914
2290038
204310
161198
2295372
163065
123843
2304237
137825
187325
2307162
2315088
2317920
170665
IAOO
124985
148203
2294377
2297434
2302831
2311078
2313705
2322424
2325575
113868
AEAEIA
156284
2326501
2328060
156529
2332625
122548
118808
2337995
144258
2344983
110965
AIIEUU
2332484
2335329
2337025
2339103
148203
120022
2340567
2347326
117044
2351160
2361137
120128
2369330
2375814
UUOOIIE
2360066
134885
IIIIUAAIEU
178932
2349768
2351695
116737
2361102
2365821
161198
128779
112009
135249
134885
120659
2369157
182994
117489
2378711
2380324
144258
133165
125033
UIAEEIAIUE
137709
2365965
2375796
UIAEEIAIUE
2382954
141190
2384939
2388987
2394607
2396234
124089
2399465
127296
182994
133165
2401235
EOOIIOUE
2384621
132110
2394324
2401382
2405593
2412059
133165
2413913
UIUO
127296
UIUEIUOEI
2392851
181165
174138
95744
2400068
2407579
UE
2389205
2391769
126086
172902
2397703
2401673
175165
110965
2408044
162729
132509
UE
120659
2411991
265638
2416194
146293
2421886
AIOOUO
2409572
2411465
140132
115078
131992
2417555
2417874
131037
2422731
OOEUUEIA
2425057
IIEEI
2419169
164001
2428675
159968
AUUII
2423149
128956
OOEUUEIA
2419001
168146
2422792
132070
98764
101681
162729
181124
OEAIEIEOIO
AAEOAUOOII
2392833
2399725
AAEOAUOOII
2398205
116737
2400699
AOAUEIOE
UOA
UOA
2365225
2371096
2379744
2384979
113868
156244
2386534
2387942
OEIIE
134885
162729
117044
145176
132070
2366178
2370293
130950
122548
2377481
140915
2383232
157020
AI
127949
124994
OIAUAE
2376270
IIEIUE
200184
2374030
2383260
116737
2392106
2401309
2403228
2410813
265638
105908
2415552
2423769
2428618
UIEEIEUO
2421153
2421238
126626
145624
AOAUEIOE
2409363
AE
2391090
2400004
2403086
181124
AE
2410635
200184
132070
2413560
165569
137709
2420025
2422791
2432594
2441127
2450655
AUIOU
2435271
AUIOU
192993
95430
IEOUAUU
146323
2416452
2416676
2419603
2422440
2427487
2432749
UIAUIAAOIO
EIAOU
2401307
165569
2406349
2411858
2418223
147302
2427616
2427890
2434237
178932
2435151
133931
151972
OAUEAUAA
2410607
150644
2416441
2417537
2425296
2435083
157406
2437031
2444945
AUIOU
103282
2442010
165988
2447476
2450740
E
123415
2433161
126086
181165
117574
2440052
2442238
2446244
OEIIE
165072
181165
2433443
131037
2437260
204346
2445385
2450374
134948
2455056
2455504
2459448
2459890
IUOIIEOOO
2456305
2458524
2468054
123415
2469159
131992
2478044
2478949
175917
115078
144876
147302
2481505
126626
2491142
2498285
2498674
134885
132070
2501077
2507341
2512596
144762
IUOIIEOOO
2519371
2527450
200184
2533237
IIEIUE
2526585
AAOAOEO
163335
116737
2513256
2522405
2531451
2536410
IUAOOEO
2514012
AAEOAUOOII
AAEOAUOOII
2509649
2510545
2511947
2518417
2519143
2525568
2529347
2532152
2537494
205436
2540265
2541420
2544042
2550591
153567
AIOUOUOAE
163335
2553929
175165
2560313
AUEUIUIUU
2554540
2560533
2562944
128956
117456
136947
117574
2570287
EAUO
123415
2550794
2556575
2560619
EAUO
2564868
EEOOAOUE
AUIOU
2551994
213764
94155
AUIE
2535550
2543149
2550196
137626
181165
2550937
UIOE
133931
2549835
123267
2555565
140891
2559474
2565304
AI
126626
2547412
134965
198509
2551402
EOIOEUUUIA
2548898
2557309
OEE
2533775
2540097
2549409
2554705
138151
UIEEIEUO
2544479
131604
2546051
EI
EI
2524705
143944
2532869
UOAOOEUOO
143944
134470
2524528
192993
138530
137302
2529668
2534085
2538991
2545481
2554519
2560013
2567863
2575161
2583291
2589845
2596298
2599282
2601321
OAAEIO
125572
2597134
OAIEOAAO
2599204
2602398
EAUII
220110
2584948
EAUII
AUO
119875
2559667
2568632
2571925
2581290
2588366
2597019
2605675
2612022
135598
2615667
2622371
187407
2631762
E
UE
IAAIAAI
2621773
OAIEOAAO
2602889
127251
127251
2609879
2610726
2615988
2620598
IIIIUAAIEU
181494
118409
208780
UOEEUI
170728
2606273
2610364
119875
2612071
2620363
OUEAUOOAU
131604
168146
UEAIA
2579417
170728
2584807
2586699
2587374
IIEEI
2588580
2593477
2594190
205436
2601922
2604338
180045
2613309
OAIEOAAO
2599092
142304
2602319
2611212
165936
198509
2616430
2624088
2629250
2636150
2642016
2646588
2652528
2654869
189872
2660147
128850
137825
EAUII
2652952
2653628
170651
EU
265638
2637413
150589
145595
2639176
2640840
2646599
2647265
2655827
2659594
2661447
2663734
161601
2665005
142112
118409
113868
113868
211412
2667217
2670848
2678344
AU
2657724
2664069
2666115
2669955
2678341
2679583
2687984
2690847
2694819
2698035
180045
2704341
OAUIAAO
IUAEIUAI
143944
2678841
164389
IIEEI
2667270
141991
2668211
2673019
2680374
2683864
AEAEIA
2671254
2676536
2678496
2684084
154175
184866
2685628
2693269
2696961
2704224
EEIOIUUA
2707827
154768
2709675
IEA
UIEEIEUO
OAIEOAAO
2676904
2684453
128614
2691407
2697476
142304
2705669
137542
OAUIAAO
EAUII
AOAUEIOE
186315
2650728
2657706
2663489
2673024
AIIEUU
118638
169497
2677781
2678076
2678717
95744
IUUAEIEIE
2661821
193694
142182
2664216
2673133
2681115
128850
2683342
IUUAEIEIE
2685540
2687816
2693599
146323
151539
2695367
AIOIOUIAAA
130712
2678387
149325
170651
2682461
2683251
115676
2685786
2693727
UIAEEIAIUE
2692685
2701735
146902
2704374
129858
146202
EEIOIUUA
IIIUUIEIII
2671143
2671220
2679675
EEOOAOUE
2657734
OUEAUOOAU
171224
2656200
155279
200981
2665034
152946
2670603
2679497
131604
2679504
123415
2685901
EEIEOEAI
E
2658038
EEIOIUUA
2642531
127265
115676
UOOOE
2630341
2639560
133643
129858
148462
172393
168452
2639843
138151
2642957
133643
2649997
129095
2659566
157710
2660366
95430
2660578
137591
168268
2667905
2674921
IUAOOEO
123415
2680480
99779
2688645
99779
2697841
2703694
124994
117044
2703717
174272
2709754
UO
2701227
UIOE
2683163
172832
AIOIOUIAAA
2677272
2678226
2678381
2681820
2685446
131615
AIOIOUIAAA
2685974
2687302
2697291
172832
2702067
182759
IEOEIUIU
137542
2685291
287207
2690276
2692615
114295
2697715
2704217
124994
2705419
2713971
157710
170651
2720071
UIUO
2722589
2724663
170651
UOA
2711250
2720685
2724787
2726138
2735046
2740937
158168
141122
2749546
95430
147618
2751387
2753537
130712
2762916
169497
164389
2769239
2775411
2784280
2787616
EUUIIIIUAA
2765068
EAOIE
146202
2772348
2780717
2784673
2786996
110965
193623
180935
2787153
185496
2795749
2796227
IUO
2795216
161502
137542
180045
2796494
OEUAUAE
2790324
2799647
IUAOOEO
2796003
AOAUEIOE
2799299
2800721
118638
A
2776094
2785887
137722
2791836
IUOIIEOOO
2770441
AUIEIU
OEUAUAE
155279
193694
2720511
149386
UE
2709920
2718409
189993
2727382
UE
114295
157723
2725626
2733930
157723
147618
166788
197215
2737519
2738916
IUUAEIEIE
2735666
2745558
2748523
2750947
155878
129707
161502
2751605
95430
157723
IUUAEIEIE
130647
2756380
179620
2764280
2770638
170728
UUUIE
195827
173874
2744518
2751819
132840
UIUEIUOEI
132840
147618
UUUA
2733742
2739374
137542
2746509
165936
2747399
145788
2756132
AU
139281
2737297
169116
IOUUAEEU
IIAEEO
196923
150589
2712532
2722111
2726975
2732158
2732756
2740109
2744536
130905
2750816
163698
2759674
182759
2768261
2775577
2778528
UO
2763031
163698
160610
2764077
63061
AOEEI
2754848
EIAOU
2737090
157710
2740276
2742820
2752412
2762208
2770780
193623
2779226
159168
220110
2787560
192993
124994
2796036
2798279
139514
2801990
124800
2810044
2815247
IIIIUAAIEU
2812019
UOOUIO
2787478
2788809
178751
2792952
2795016
2796030
2804088
168452
2810762
UOOUIO
2813707
UUOOIIE
178793
2816988
2824602
2825778
150862
150293
AAOAOEO
2810259
2811158
143877
2819257
AUO
AE
2808102
143966
2816552
173874
2817266
2822594
155609
2829721
126751
164389
2839327
172595
AE
210950
2843603
2844582
196923
190100
2852384
2854551
AUIEIU
140376
2841426
168452
2842457
OEIIE
200039
2832582
AEAEIA
2810288
2810329
2810452
2812677
2814847
2817926
129095
175743
IAOO
147723
UOAUOA
2775088
UOAUOA
180076
2774023
2779853
2781223
126751
2783009
2788310
OAUIAAO
210950
109423
2771487
2771520
2773050
2779674
137825
2785866
2792448
UOOUIO
2776120
2784182
161144
2787922
IUIA
2764056
AOEEI
2747057
2752902
AUO
115198
2732484
175312
182940
2736042
2737006
2741685
2749395
163418
2751859
185158
A
129095
153365
2729736
2739579
2744733
132024
164396
145788
UIEEIEUO
151152
186315
2744958
2746502
2747585
IOIOO
163418
2720811
173874
2726585
2730769
203359
2732965
AEEUU
2707261
A
138954
2705509
2707167
2715105
2718573
2726691
AO
2700940
2702018
UAIOOE
AOAUEIOE
166379
102439
2672854
2681140
180882
186315
182940
2686814
2695148
EEIEOEAI
2682861
157041
129642
2692290
138911
2701599
153365
186315
OAAAI
AU
162139
138911
IAAIAAI
IEI
138260
2637008
OEUAUAE
144109
148182
2640786
UAIEI
148354
170457
171721
2618526
2622949
2626644
2627879
129009
2637505
169108
163238
2642587
2650308
2654073
151532
2660427
2664243
2668705
182759
2678682
2680158
182940
2682233
UAIOOE
IAAIAAI
2642684
OEE
2645194
177309
2655129
2655614
182759
IIIUUIEIII
2644009
163238
175743
2644210
2647329
2649559
2658176
2659903
2665163
138260
148354
2674697
2680638
137825
O
2661229
2664257
204374
146724
182122
OAUEAUAA
137591
2645452
175743
148354
2647989
2655332
2657419
UAIOOE
150696
2655327
137722
2657887
UAIOOE
2655075
2660125
199383
160404
137722
137825
2668817
2675821
2678917
2687068
159954
UOAUA
AUO
2648872
2656046
2660307
183577
AUO
175743
OAA
IIIIUAAIEU
UIEEIEUO
2614658
140106
128591
UIEEIEUO
195827
2619763
181100
160929
195813
2626590
AUEUIUIUU
2617884
150589
172609
174345
175137
2623280
2632897
159577
AEEUU
2608010
EOAAU
2596701
2603494
OAAEIO
EIEO
114295
195827
UOAUA
2552429
200209
IEA
2535621
142790
2540811
145677
235505
182122
2548621
UIEEIEUO
2538684
AE
2517829
102439
2525647
UIUO
AOEEI
EOOIIOUE
196390
UUI
140106
154209
AOIIEA
AUEUIUIUU
2420441
2424830
149383
2427032
2428605
167152
114295
2438488
156704
2441357
2444500
2446519
213085
2450986
150920
167294
2455793
UUEOUAEI
UUEOUAEI
108786
2454848
171098
UAAE
2452971
2458407
IOUUAEEU
2441747
2445156
AEEUU
160278
175137
2435754
2443961
2450373
2456866
AEEUU
2463528
2473000
189679
141060
150691
226802
2478754
182940
167294
2479485
2487807
94447
2497320
2506853
185558
IAOO
2491279
2499836
2505142
156704
132024
2512414
2517364
2520996
2522355
199557
168933
2525628
2530034
2530720
2538143
IEOEIUIU
171721
148182
150691
2525507
2531518
204888
167604
126063
2535135
226802
2540259
2549138
184674
2551105
138250
133485
94447
127146
189726
IUAIIU
2547076
148182
2554626
2556905
2564000
2572008
169828
2581987
2590907
2598027
2602911
2604040
191202
2609077
146724
2616631
132024
2625082
187928
2634078
2642728
188661
154209
2646662
2650629
2657756
2662240
182683
2668660
171611
195813
2677551
2682773
2687690
137438
168452
2694296
201856
2702243
IUAIIU
UOOUEUE
114295
2675254
145677
141032
213085
204888
2681226
2683226
2689321
2690262
171611
136219
2691661
2699145
2705596
AOEEI
2695223
2699405
AOEEI
138158
AOEEI
2706261
2712298
EEIOIUUA
UUUIE
2682862
2683889
2686247
2687757
OU
183456
2668570
2669816
UE
2652524
155834
2655458
2661037
177575
94447
144146
180772
174153
2666406
192287
UOOOE
139652
156704
UOOOE
2639202
2642292
2649488
114295
2656777
IOOOUAUAEU
145677
2655126
2656541
UIUOUEO
UIOE
176558
2630057
IOOU
2618678
174637
2628100
2634881
167152
187085
132840
188640
171692
127146
150862
177983
135803
IUAOOEO
203359
2631318
167152
2633211
2633888
2641177
2648002
175137
208152
2652992
2653294
UIUOUEO
132840
2651335
146391
206569
2653025
154036
141032
167436
141482
135803
2656853
2662469
UOAOOEUOO
2645674
2655448
OEAIEIEOIO
244027
2645422
IAOO
142790
2626279
2633850
OEAIEIEOIO
193855
2618257
132408
2618412
AE
194865
2615763
2619348
2626127
2633888
2642007
AE
2648855
187928
AEEUU
2629499
OU
2611741
199808
2616848
2619862
114295
OU
OEE
166826
2606357
2614216
2617998
225619
160278
2618030
2620856
186978
AUIOU
AUIE
EAUO
2576555
186569
162042
2580065
2589547
2597857
UIUO
2583573
2584322
176720
207643
2592930
2600969
2603771
2609670
2612423
156704
139652
2620078
174102
2626860
174714
150920
EAOIE
2603819
97641
2612112
147509
2620460
2621110
2630712
2635947
2645498
2652331
167436
EAUO
UIAUIAAOIO
241455
2643204
150589
114295
2648213
195943
2654758
2660426
2665678
2666213
2670070
2676729
190700
2680709
126063
2687132
IEOUAUU
2668728
2674575
146247
208152
136219
2680580
OUEAUOOAU
2680386
2686960
IAOO
2679944
2688264
176755
188080
2697788
UAIOOE
184584
2677766
140376
156697
2686392
2686544
2689911
213085
2692551
2697855
188640
2706762
149071
2708599
2712406
150920
2721830
2728867
2732303
EI
2705205
126949
2712864
2721752
180811
2727140
2729761
2732992
2739302
154209
2742656
2747043
2753997
2754914
UIUOUEO
2735482
99533
2743885
2745813
2753281
2757066
2760653
126949
164949
153622
UO
171692
2738661
UO
OUEAUOOAU
OUEAUOOAU
EOAAU
166455
EUAIIEUOEE
UOAUA
138763
2706826
159133
2715497
2722980
2726177
2728690
2733610
170374
2735069
2736993
UUEOUAEI
2735573
2735970
2736033
IUO
2724206
IUO
2732294
2740848
156697
2741973
OEUAUAE
2729481
AO
AO
2729038
2733809
IAAIAAI
152101
IAAIAAI
169318
2733058
2735623
2744660
2748920
UOEEUI
OAAEIO
146724
2727540
2730983
2734202
2738050
2747787
2753331
OAAEIO
187579
2756191
2757529
138763
198390
163824
2762588
UUOOIIE
2756977
UIUO
192975
UAIEOEIUA
150030
2715436
209333
2720973
2725572
2733550
132840
2734754
IAOO
211893
144146
202801
2717263
172907
2720614
188149
163824
2724832
156697
IAOO
2726599
2727634
159806
188074
192287
126063
2729452
2738685
2748504
2757470
EOIOEUUUIA
EOIOEUUUIA
EAUO
2741145
EAUO
174562
2745314
2748414
2748735
171692
143781
2754763
2763245
2770610
2772386
2781208
2784039
2792235
2800490
107029
2809359
231838
229977
189726
O
2793789
2795779
2797835
2805994
188074
2812194
193212
2813969
2814555
189743
2823264
2825465
OOEUUEIA
2817529
2826536
2836508
143781
208152
172507
OEE
UOEEUI
183011
2817014
2818310
2822306
2830099
2838422
A
2822863
159870
2832845
2837057
2842865
EAOIE
2816247
AI
153145
245505
2790527
2790536
OEUAUAE
176150
2781387
OIAUAE
143781
2768791
190149
UIEEIEUO
2759045
174562
182091
172907
231838
235440
194036
2764462
EEIEOEAI
2747236
2751596
2754889
2760377
OAUIAAO
211256
216296
2740914
OAUIAAO
2743555
2753448
160570
2757719
AE
193212
2751940
192975
197643
2753050
EAUII
194036
187928
2740837
2741370
141974
260331
2741764
2746532
177803
134608
2747843
2752724
2753751
OU
124186
2755730
2765552
2771524
231838
2773474
131908
OU
140376
OEUAUAE
2747858
2754821
2755807
2764836
2765203
2768725
2778142
2781742
193379
2785253
2786146
2790649
2797534
2801286
2808333
2816381
2826358
2829057
2836157
187928
2838269
195009
247043
181628
2838326
2838734
UIUOUEO
152494
178041
198136
2840745
2842624
178041
153163
2848982
2854951
2860425
2863051
2871410
AUIOU
2866577
O
AOAUEIOE
197643
2839263
UO
2837956
2844240
189564
UO
2845252
2847808
EIAOU
2847944
2852090
2858897
2864812
2869973
2876041
146724
194865
189539
192606
EIAOU
2875536
OAAEIO
OAAEIO
2849243
235831
141974
2849979
EAUO
2847180
2851380
195244
2853088
193682
2855163
2856283
2866174
2873983
194865
139647
192746
2882696
2887401
162759
2896987
EUUIIIIUAA
2884277
176150
2884991
166765
IAOI
2874662
201405
2876916
2881259
2885403
153145
2892230
146973
2898421
2900276
2903400
2904899
301962
2907788
2908698
2912672
167432
IUUAEIEIE
2888973
2893106
AUEUIUIUU
133269
2878143
192287
134901
162759
167432
EEOOAOUE
200344
146072
2880102
206072
2888770
2897279
IAAIAAI
2882194
2886838
2892316
2899062
175146
2906085
2906244
175146
2907264
2908794
2910501
152682
2912411
2919682
2923959
2929550
2934440
206072
2937257
2938539
UIUO
2941794
AOEEI
153163
2923592
2932374
187085
214528
2932516
146072
169828
2939453
2944582
2946447
2953308
209792
2954719
131908
176150
2960460
167498
UAIEI
2946805
2949333
2955849
214528
119683
2958848
2966777
139647
193682
2976192
162456
2981005
AIIEUU
2955348
140376
170049
166765
217863
UUEOUAEI
2941786
191477
2943394
2944095
EUAIIEUOEE
2925974
2932337
2935347
2943649
2945366
2947779
217863
2956509
2966509
2970487
189037
139647
139647
2977775
154209
IIAEEO
2956398
2962038
2967600
IIIIUAAIEU
2953517
131908
148960
IIIIUAAIEU
183456
AUO
2930081
138763
201966
2938328
170049
2945618
166732
