0
0
0
761
6927
0
0
IAUUA
3902
12713
15792
0
24459
31587
EAUU
13778
0
0
14234
20202
21103
0
30342
EOA
17663
0
17865
24723
24837
26244
0
34891
36336
43642
50187
AUIIUEIEAI
0
48672
55012
UIAOAE
0
44551
EAOIIAIU
33054
35208
39529
OEIE
0
0
0
0
15459
0
6858
UEAAOOUOOA
11863
9239
IAOE
IAOE
5196
10502
18634
AUIIUEIEAI
10175
11355
20695
29446
36399
0
0
42687
48820
58494
67967
7432
68443
73835
78181
83254
UIAOAE
0
61308
0
UEOUUUEOE
63630
EAUU
0
50383
0
58152
U
48602
53457
0
55931
61737
71007
0
79946
81003
UAEOOAAA
60868
0
61756
15609
901
IAIA
47046
48303
AOOAOUIUOI
50654
0
0
50751
59500
7363
68815
75165
0
AIUAEAUOU
0
9239
AIUAEAUOU
AIAEU
39330
47056
AAUE
5392
22877
30063
7769
32002
35035
7337
37506
495
U
33016
38598
8173
46008
48692
54281
0
UEAAOOUOOA
7726
45306
52595
5073
AAEAUAOOI
49174
OIUA
39791
41693
43066
49061
55546
58704
64420
65589
22242
73089
IUAOEOAU
456
55142
58692
62299
66574
75412
0
IA
71123
78012
0
4855
0
80417
12018
3139
85866
O
65400
72188
114
10866
901
73057
82378
87812
88896
34197
90331
0
4346
IOAIOUIO
86466
95303
103132
109707
117763
117932
118972
126407
130764
135852
144518
144718
IOAIOUIO
119844
129406
0
OEA
20928
113447
IUAOEOAU
AIUAEAUOU
UOEUIO
2757
IIAOU
57728
66453
67663
5090
77539
9340
UO
55749
58342
E
6542
37832
15325
7737
43636
50657
51307
2405
12786
55697
476
55839
58914
0
901
3550
202
22242
62570
63193
68698
AUIIUEIEAI
AUUAIAO
20803
2405
28659
16382
32011
IAIIEAOOUA
O
19667
25555
IA
IA
4409
8347
UOEUIO
5037
6799
IUAOEOAU
6065
13905
18834
21010
3550
21115
IUAOEOAU
476
25874
27654
4357
32643
37194
44131
50027
52471
58735
UEOUUUEOE
52825
EUUIEAOAUO
25901
21189
901
39872
EAAOEAUEOU
15228
5501
2037
8173
21988
IAOI
25901
29801
4693
476
0
33114
22242
39762
41380
14859
6101
49333
11074
6264
293
18073
21130
59312
9156
IAOI
52117
54666
IAOI
62286
67722
1839
6264
EOA
62776
66661
3158
69853
E
67942
6166
69617
71257
EA
4855
67565
28234
19695
72659
77389
5073
6166
80318
82715
9912
AIAEU
79773
85142
85824
3158
10482
UUUAO
68851
6101
6166
IIIEOEU
EEEAAEU
9239
41979
5505
1373
10101
46579
50199
21189
U
42906
46442
EOA
25944
30519
UI
20016
20320
20500
5466
28335
11074
37483
38411
3485
AEOIEAOA
35972
37704
21539
46911
EI
33177
38865
EIEIU
10598
10997
EIEIU
3269
304
14022
16882
EIEIU
OIUA
17313
26840
14983
30322
35146
43786
46590
49220
4236
52271
55730
56970
16201
AIUOUUIEE
55770
12449
12698
12734
2474
63221
67038
76382
14983
O
59146
60300
62800
64102
2474
UEOAIUUI
10129
60745
II
42106
OIIO
27548
36785
43112
UIEOIAOU
41913
45653
8556
EEEAAEU
16175
EEEAAEU
35995
E
29989
32592
32626
22089
28234
39584
40436
29851
40957
AEUIUOA
41243
41780
43896
44917
25015
49314
0
30519
51128
25545
52208
54879
9585
0
6264
12653
U
6270
OEIEAAEIEA
11128
32081
39707
23849
3269
49017
50091
0
0
51361
52816
IAOE
EOIAUIA
20646
17730
21539
17529
25015
25171
26300
IIEEIUU
6264
17362
18878
19187
23679
33618
EIOAAIUEO
AEIA
13010
AEIA
26736
6376
13785
AO
11623
UUUAO
10998
UUUAO
14983
2430
9672
IIEEIUU
10133
8556
9006
32265
21554
16840
1618
25441
IAIA
26989
29143
33618
35459
EOIAUIA
18444
6166
25171
19291
EI
23602
27812
29950
34003
40295
40841
II
38926
45468
II
I
49783
58676
9539
0
68427
21539
15566
77075
IAAAAU
6264
6361
20784
63482
A
58141
10133
OIUA
42539
11074
29255
44069
50970
55761
55863
65707
69848
12734
6361
73350
76763
9539
85751
89236
AOUAII
84853
15566
EEEAAEU
63928
69936
74475
78117
85906
87989
15566
14805
88414
90280
96049
102912
111862
121859
125864
131279
1378
7395
139938
AO
OIUE
25015
EEEAAEU
21477
EEEAAEU
84722
90126
11576
91799
EEEAAEU
14075
64474
29255
9539
68102
75873
26581
77726
IAUUA
59192
38203
67663
69290
78131
20784
11558
79555
3485
89159
90425
26581
7834
33429
95146
96617
AEOIEAOA
2620
I
EIEUAUO
74517
76210
38203
80007
13414
87659
10101
89581
93575
99698
EA
74911
15430
79108
7395
80935
8667
8568
OIIIUEE
85039
23420
93947
102666
AUIIUEIEAI
I
41421
84126
84693
89741
93270
98281
103453
111297
12653
17310
33618
112814
117430
38203
10998
123862
EOIAUIA
28932
7834
117258
2474
123762
127768
9849
133488
2795
EUAIEOUE
117703
7395
EIEIU
8152
UI
106512
108375
118227
125921
130592
138804
36978
139859
147918
46232
EIEUAUO
0
120202
122469
129220
0
133534
33618
133535
25136
AEOIEAOA
2795
9898
119033
OEIE
116817
116882
125527
129584
22799
IIUIEOEI
11383
108175
8158
108379
116104
120983
E
12552
108271
29255
EAOIIAIU
12653
2620
19506
92434
95719
99710
105633
EEEAAEU
95220
104648
30519
112319
AIEEIIIIA
104059
29183
21539
IUAOEOAU
97382
101428
109336
112867
122166
123732
9849
133709
IA
IAOE
AUAUEUIOOA
5989
UUUAO
86233
87512
IA
U
68314
74812
AIAEU
62298
23041
10101
66746
28818
AAEAUAOOI
EOA
42791
48036
33309
UAAUE
16633
12552
26780
22799
36854
31210
36636
37710
38033
OOIAIAAIO
21761
30320
30930
20768
38078
44065
24922
3269
30519
46033
47445
42476
11565
51981
UEOAIUUI
26868
31553
31553
49587
E
50276
18045
12365
9706
24276
33309
55990
8103
56976
59462
66070
66165
15853
72839
8014
E
78823
78982
86868
44278
AUAUEUIOOA
16253
37572
62025
30519
63129
70049
EAAOEAUEOU
59928
2620
67872
75002
AUUAIAO
47321
30684
52596
52889
56865
11087
9225
28468
61012
16046
62568
4658
37304
13565
69397
70290
OIUA
53678
61767
71513
EOA
15566
45119
23990
22799
46472
31678
28468
AEIA
36136
9225
40010
43499
43951
21539
33309
52683
60524
65604
69541
50057
75857
78267
A
80857
86222
90380
AIEEIIIIA
85154
87237
93360
96531
103239
IUIUU
90767
13565
100366
UO
9706
17600
86717
88860
98076
25486
106563
42373
111970
118803
127649
20768
131330
140225
15531
141171
8667
144277
146298
33537
37415
23460
152546
22799
4658
23460
19506
27067
9706
160029
EUAE
IAIIEAOOUA
IAOI
113373
15566
55858
OUOEEAEUA
101193
UUUAO
55264
87282
89124
37464
97471
EIEUAUO
IEIE
16273
IEIE
49339
OIUA
47629
50999
59987
63893
71126
EAOIIAIU
12487
26977
46570
EUAE
14410
35406
36378
44545
51307
52208
53820
33537
21406
37572
62623
16273
24922
IOAIOUIO
EOIAUIA
30497
30817
32720
41294
50358
58214
62584
70442
77282
27642
77669
IAAIU
73268
80445
23460
25486
87385
42373
33905
90907
AEIOEAO
74091
79267
E
21539
8014
71110
79937
88122
26214
90070
AOUAII
87492
89842
97408
33309
106082
107903
30341
115000
124026
131887
134112
142217
AEOIEAOA
31370
133000
27312
139487
142931
UAEOOAAA
124741
71243
132311
136919
146012
149370
25363
UAEOOAAA
150700
71243
31370
157626
164928
168174
171994
179509
186267
195140
30081
33559
25309
203831
UAEOOAAA
209168
IAOE
186372
36759
190600
200423
206486
213852
221382
226995
IAOE
OOIAIAAIO
224073
228992
232019
235382
9225
235919
36579
34070
34982
EUAIEOUE
234904
EUAIEOUE
26379
236974
242114
IIAOU
231165
232655
240537
EUAIEOUE
30341
234258
EIOAAIUEO
24298
211862
13813
37464
AIAEU
204550
209432
217238
IOIUUUEEA
34982
65794
23427
IAUUA
192905
42476
193089
202935
206184
213770
215022
50057
AIEEIIIIA
26870
212237
218696
32288
223922
232816
33143
238781
22799
31370
9849
OII
217004
223656
233256
239443
240346
249970
254228
258046
16292
21406
266704
4658
269071
270166
278803
II
12487
276783
26977
280499
41016
6608
23674
285665
293114
41188
17600
299297
21634
305265
315109
320279
26379
321439
322645
325750
334020
336728
342426
48678
30519
343135
15500
350698
61566
359221
365645
372965
376351
383046
19514
31128
388777
392823
19514
11356
31622
UEEEEAU
374628
35435
374746
28284
378734
386349
3773
395782
397684
47445
23427
37566
399176
EAOIIAIU
16292
UOEUIO
376466
EAAOEAUEOU
30690
33537
AOEUIOU
354378
37464
356196
51437
19514
360014
9849
AIUOUUIEE
4658
IUAOEOAU
324512
326065
334190
AIUOUUIEE
OOIAIAAIO
303493
305254
55264
305260
311486
42585
314403
315694
318904
325022
14118
OUOEEAEUA
17600
61566
28284
322856
330462
33905
333229
54005
33466
335126
344693
350023
25363
UAAUE
331528
336271
UAAUE
327516
37566
I
I
37566
33466
309385
26379
34385
I
315095
324071
326359
28153
21359
334299
342895
51070
65794
30950
351837
358809
368027
377192
49858
40472
384504
387896
AAEAUAOOI
377491
AAEAUAOOI
384692
390846
UAEOOAAA
387918
394312
396458
AOEUIOU
372622
380881
380957
389662
397346
406103
410694
413931
33537
61566
AOEUIOU
418739
31622
55264
428139
UEEEEAU
408494
415219
41016
61566
419743
AUUAIAO
36759
395809
21359
29030
402862
48678
409322
AIEEIIIIA
397738
32889
399596
401377
33537
407692
412274
32889
40472
414001
60434
28284
51070
AIEEIIIIA
19982
416444
416829
26977
418234
AUUAIAO
415401
UAAUE
396558
29030
399407
402171
408384
60434
65794
413811
415938
422708
51976
431772
435923
57289
438670
29030
446494
34982
47401
453935
30950
49858
17883
462657
40536
463534
23427
471576
473295
481892
27142
35770
47401
IAAAAU
459411
43482
463736
471113
475399
51976
478914
484446
488804
17883
494465
498628
60434
504592
17815
27142
509783
513327
OIOIU
504773
505341
19982
513180
UAAUE
45664
493523
503181
27067
503400
28153
507207
510917
31546
EIEUAUO
495174
17815
AUAUEUIOOA
32618
474964
475605
484289
AOA
37428
481722
481984
UAEOOAAA
467972
OIIO
48479
466069
34949
474739
36759
480629
31546
486353
60434
21539
493688
497793
AOOAOUIUOI
485470
IEIE
461833
OII
447585
450357
456846
AIAEU
39838
436908
32618
27642
445089
28545
451001
452156
455455
459676
UEOUUUEOE
458622
45664
UEOUUUEOE
457822
466960
45664
471515
OIOIU
450777
456341
UIEOIAOU
20561
49706
435413
441399
UO
438933
IAIIEAOOUA
AEUIUOA
49367
IAAIU
28284
IAAIU
34949
12023
381668
382380
49309
389132
50057
390635
EI
367733
370705
379177
386359
32694
36824
33905
20561
393237
16544
36573
EI
60537
400984
EI
395843
396864
30372
406109
50939
415128
419321
428816
AOOAOUIUOI
413412
27067
51692
35744
30950
29618
418643
419342
EI
394311
403055
406579
409898
418912
OIIIUEE
48449
391713
33383
50057
45384
47357
398975
26385
OII
27642
17469
392988
394127
400754
401405
404885
407931
OEEE
412278
412931
419836
429430
48479
EAUU
32694
OOEO
EOIAUIA
30757
37566
358366
364478
371617
377556
32694
IAIIEAOOUA
371622
27642
375864
376879
378470
379857
42311
28153
381475
388905
33905
37011
393686
IAIIEAOOUA
65625
32694
40138
395410
401290
402980
409133
48239
410228
418192
421333
56946
427394
437323
441526
441859
445736
30757
446335
447128
25892
46573
452031
48682
48449
65625
456663
UOEUIO
69538
439244
41149
439771
71243
EIEUAUO
49367
24997
421766
425913
427980
435159
441624
448114
36450
450656
458498
468059
476177
17802
476826
48239
483269
489869
498487
507202
510033
513018
51911
UO
65625
490834
499960
20561
AOUAII
477242
20561
478765
28545
481797
485060
492665
496948
OOIAIAAIO
18330
32795
OOIAIAAIO
474444
479670
488832
490221
29638
491192
500159
504286
508500
515011
43965
520285
52765
27067
EA
38530
518303
523900
UEEEEAU
517609
520893
18330
29638
522158
OEIE
520163
522360
532081
539156
48239
51976
546471
551101
558773
56132
562682
OIOIU
541897
542377
545288
29618
40454
551719
555540
37011
40454
65794
43758
51976
OIOIU
32795
558259
559613
EIEIU
542135
EA
532681
538890
33958
544256
553737
UEAAOOUOOA
532333
540148
547899
554365
23333
OAI
529823
43758
536756
OEIE
45127
527365
32371
OEIE
EI
518551
524706
33958
40138
41381
18330
533898
540894
14225
543436
543454
551075
555414
560801
560857
569972
577200
45377
583346
EIEUAUO
582310
590181
26857
596789
62010
EUAE
573181
580943
33958
49616
590854
45384
600397
609789
34949
AAUE
18330
30032
612846
48682
26857
615808
617456
623559
629417
632869
639373
40719
60537
648968
80364
17802
EAUU
638512
641677
47058
645011
647929
60434
653444
IUAOEOAU
647278
AUIIUEIEAI
37616
50394
14225
647984
37616
652599
45384
656508
50394
UAAUE
52524
UEOAIUUI
631886
638823
40454
640894
AUUAIAO
33643
624719
630019
41784
632815
AUUAIAO
631739
637460
37011
AIAEU
638220
50209
33958
644121
32158
EIEIU
UAEOOAAA
598821
606994
611436
80364
615683
622359
627072
70023
37243
635303
59457
23333
30032
640894
649682
37243
656333
41738
656659
660224
68070
661174
42311
669807
674978
683943
690767
699481
699966
701765
AIUAEAUOU
675860
682439
685712
52524
45090
IAIIEAOOUA
668552
673206
677937
682596
66611
49858
29638
691356
41738
698863
698990
30032
IOIUUUEEA
EOIAUIA
664411
672707
30214
30214
EIOAAIUEO
17469
37243
657289
660924
667887
27996
39872
673478
58634
675478
683042
AIAEU
679937
683700
690793
695329
61447
49354
704179
706796
710660
68070
720170
722716
732283
33643
45377
737940
27996
OIOIU
729423
61447
40612
49616
44586
738582
748380
EUAIEOUE
745713
UI
41149
742355
745048
UAEOOAAA
UAEOOAAA
25407
38764
726654
EEEIIE
31003
729750
68660
EA
719696
41738
OIIO
38764
719699
63451
59173
724962
728366
OIIO
726391
735254
743988
749650
45134
OEIEAAEIEA
OEIEAAEIEA
742555
48353
69239
17469
751128
751926
60527
755140
758089
764814
772076
IAUUA
758522
UI
745482
41738
46870
40612
747525
750618
AO
IAII
702094
703623
43965
41784
708596
97288
IAII
38869
40612
705403
43257
706857
58962
707790
61199
715979
721705
65903
AUUAIAO
22572
IUAOEOAU
31003
700401
701410
707218
707322
715869
716190
67669
OEEE
65903
EI
698590
701327
705647
60456
97288
EUAE
696844
706001
710458
49724
63451
711951
50222
713427
716680
721873
OAI
40454
56112
724545
AUUAIAO
49037
45163
49076
699400
AIUOUUIEE
691979
699175
EOA
87985
61199
699228
702174
706526
714160
718932
68226
727403
733948
67591
58380
OIUA
41378
87985
47657
727003
734786
736153
UI
718679
28014
66611
65889
725197
UEOAIUUI
702397
702412
711000
717301
718524
47657
61093
727434
69239
731000
43968
737065
742442
745277
OEA
63979
737192
51667
65903
742384
OEA
29954
740286
741992
87985
744113
745017
OII
39872
28014
EA
732183
68226
OEEE
AUAUEUIOOA
722683
U
720333
720732
76145
729568
732924
737990
65381
49858
UO
731910
734653
735410
743310
751980
70204
757701
764128
765814
770321
770380
779043
UAEOOAAA
51566
756872
759670
60434
IIAOU
50862
743621
OIOIU
41738
87985
44586
59173
AIEEIIIIA
710148
69945
32371
719394
72891
725390
41784
732523
740792
72891
OIUE
744431
747097
752361
50862
39115
754098
45095
754695
764083
70204
769980
772714
777254
UEUOAOOAU
771268
53610
61298
778792
781129
781305
EOIAUIA
782476
IA
51872
768643
41738
771363
771489
69140
76724
EUUIEAOAUO
764127
30120
772183
IAIA
763666
EAUU
IAAAAU
E
690261
691982
695475
696430
OIUE
72891
EI
EA
IIAOU
640811
644119
71976
EOA
616833
624889
626075
II
607795
58962
42983
613230
622462
624853
50606
631501
632455
63578
90602
66889
638472
646727
22572
648184
71635
655122
67602
659098
60549
665969
673093
674288
90602
682499
UUUAO
UUUAO
672306
676394
69148
31003
679986
680294
51202
684167
690818
694168
701598
43238
709148
AIEEIIIIA
46190
IIUIEOEI
63451
664506
37310
672245
678574
39923
32666
688194
54489
56112
AUIIUEIEAI
54881
694135
UAEOOAAA
681967
A
51566
668518
32814
32814
IAAIU
IAAIU
649423
653964
66889
46190
56112
655852
658569
74378
OIIO
69953
632134
641932
78679
644680
OAI
629720
636162
639538
69148
641718
646522
652295
60626
661945
668591
675628
IIIEOEU
41738
53541
61676
668807
32814
671434
673126
68193
AUUAIAO
655865
IUIUU
AO
616728
EUUIEAOAUO
614788
56877
66889
62926
AIUOUUIEE
598235
66130
62926
599610
56287
AIUOUUIEE
604076
69953
81455
604308
83414
604519
608065
69148
612207
618693
622665
69557
41784
60597
53479
630674
633383
642487
649157
657608
84186
EOIAUIA
644157
653716
660506
54489
661379
670849
59300
675712
676755
78679
680106
684261
689697
699350
AEUIUOA
56877
OEEE
40612
674069
676710
677907
52426
684252
690187
OEEE
59659
UI
AIEEIIIIA
22572
661616
663724
673667
680622
32666
AOA
663530
663581
670464
UAEOOAAA
EA
UEEEEAU
56287
628233
58173
636227
643363
32666
649141
651978
41285
657495
664816
53496
68193
63451
665217
34060
OII
655102
662582
EA
642228
65669
651397
655539
661024
661532
41516
59659
EA
66187
IIAOU
636679
637672
643448
64480
I
68573
UO
595752
41285
600500
608865
612151
31235
617500
108085
78128
621459
621653
623015
631607
634175
56287
OIOIU
EA
596378
601439
603602
OEEE
581778
OIUA
559866
567328
576000
583046
60205
59173
59173
589642
90834
595457
603979
83414
69280
613903
A
27281
613168
60736
618041
75278
624942
632803
UOEUIO
31235
629394
77793
632286
UOEUIO
37310
636242
49183
641817
643228
648587
652720
658173
666991
667401
674573
679099
684767
691481
699056
83414
703493
17469
O
691875
692915
696432
697342
705674
707343
II
703981
17469
711720
90834
56591
719880
725862
730741
731649
735421
743727
63076
71766
E
IA
724909
OUOEEAEUA
722419
60736
OUOEEAEUA
720704
IAIIEAOOUA
66211
AEIOEAO
68573
687863
692256
56877
AUAUEUIOOA
686635
689727
59550
64480
695252
54039
60434
IIAOU
56112
695030
AIEEIIIIA
685749
49372
692688
66271
UEAAOOUOOA
690693
UEAAOOUOOA
687977
OUOEEAEUA
58173
60934
682441
689006
81665
697895
705607
707880
65669
EEEAAEU
684488
II
683316
63578
31235
692644
75278
II
IAOE
63578
68749
673202
674744
59173
684438
687504
694162
AEIA
EUAE
56311
56311
654982
56323
662861
668263
96376
66130
672813
680712
685983
56323
70756
690147
41516
697633
707408
78371
710747
37310
710999
720941
77967
AO
717345
718962
719376
31003
725623
729740
739596
745166
EOA
735017
737382
740661
743578
745089
OEEE
74369
742848
751408
753635
UO
51363
740204
57350
68749
744931
745002
108979
750307
757350
759375
764687
62177
771984
775298
783442
63076
UAAUE
AOA
81150
747975
754057
60736
758554
767539
774297
UUIA
80254
774590
50794
782470
75278
783421
27281
791836
66385
54489
795234
802604
805271
UOEUIO
52750
803940
65793
61993
102739
812716
818987
OOEO
17469
OII
803213
57350
805187
66187
809666
IAIA
803550
50593
811306
UEOUUUEOE
796686
802391
807576
813194
17469
815927
31647
822285
823552
825940
50862
828644
834731
841230
844428
98863
854011
UEOUUUEOE
847981
EAAOEAUEOU
54314
IUIUU
828902
828924
EUAE
AOOAOUIUOI
817399
82831
66150
77639
EUIEOIOU
805531
806985
60205
58173
816479
823677
824596
45116
827214
836677
65793
AUAUEUIOOA
809545
83902
815771
97299
816515
128826
91416
AUAUEUIOOA
807566
817470
825207
IUAOEOAU
57484
809516
57484
OUOEEAEUA
806102
814514
91912
104307
80361
78371
102739
34060
817204
823736
824956
831229
64600
839477
II
83902
UEOAIUUI
AEIOEAO
IAOI
107535
58173
60934
IAOI
772952
778542
787731
56311
791070
80519
80254
31003
63578
EAOIIAIU
771022
75121
OUOEEAEUA
744725
38123
75121
748712
91912
756565
760758
OUOEEAEUA
757812
108314
765473
77639
767183
776458
779936
66260
IEIE
59886
765800
775294
67743
OIUE
751196
755666
764195
773432
64600
41024
108314
781987
790579
128826
797997
801483
805844
814423
IIAOU
815303
820718
825815
55958
92549
830238
837782
46952
75278
844225
88783
850335
853468
854670
861186
865481
869585
68910
83902
869613
UAEOOAAA
867126
65669
870586
OUIOIOO
849945
64600
UEUOAOOAU
849170
849589
97299
858581
864903
872030
877777
48621
91467
UIAOAE
60081
864038
66130
UIAOAE
91467
861472
UAAUE
EIEUAUO
814499
821961
137952
827177
832287
I
804215
AEIA
103532
794630
800877
72817
AUIIUEIEAI
90439
I
68723
773862
59937
780647
126884
59937
59937
66385
783042
60205
789672
IIIEOEU
IUAOEOAU
746936
754961
75278
763925
74903
IIAOU
759153
86731
UUIA
738192
742269
I
71665
AOEUIOU
AOEUIOU
708965
718397
725015
734250
738953
95429
742838
747859
AO
OIIO
712545
718461
722152
73676
726928
730693
OOEO
64911
710951
86355
102140
103422
718590
722275
41799
56494
91204
I
703709
AUIIUEIEAI
681481
94345
684650
685256
AIEEIIIIA
660605
AOEUIOU
640348
47917
642763
650021
651734
659765
661290
UI
IIIEOEU
635310
79692
641252
642759
75146
70864
102817
U
634385
74903
635298
OIOIU
59695
OIIO
604188
64911
70809
87682
73611
610463
94345
102575
610681
616909
624210
78979
632828
639508
643205
AUUAIAO
EIOAAIUEO
93317
IUAOEOAU
601240
604471
605002
75964
608080
612104
EIEIU
96332
605402
O
88450
91416
66479
56405
108314
100610
580851
583189
93317
75083
587390
151485
17469
597073
602912
609409
101655
611125
614176
AOOAOUIUOI
615582
87562
619700
624832
AOOAOUIUOI
71807
627480
631446
639746
644381
111246
644634
80896
96332
645246
651026
652693
661236
50928
669200
673432
74959
108314
AIUOUUIEE
681071
AIUOUUIEE
680849
682603
683079
686939
692637
73379
695340
72817
41799
703055
AIEEIIIIA
707056
66999
106241
88783
96871
714756
UO
705624
711460
714276
UO
UO
716821
721657
728259
729318
EA
717923
718760
88783
726969
EOIAUIA
114271
717311
723381
732117
70239
83092
97598
102575
735324
EOIAUIA
741137
749125
AUUAIAO
97120
749759
91416
759719
769596
64781
114271
775725
IIEEIUU
74959
756357
75964
762743
113231
29508
IEIE
UO
723469
724403
732448
73379
733461
95866
738535
743321
151774
745691
755227
131458
93317
73611
59695
IAAAAU
83508
EEEIIE
710599
78979
AOUAII
80896
703439
EIEIU
88659
690360
113026
68723
695329
68736
84662
695692
703185
UI
IEIE
658598
68304
666423
UEOUUUEOE
667463
79195
667659
93317
95866
113026
91227
677179
683760
97502
689752
71894
694722
695620
EI
676769
99707
686465
694530
701831
79195
709079
711350
720593
72817
118719
AOOAOUIUOI
64781
73071
708478
OIIO
697995
77116
79536
98210
50928
704619
97502
43420
713341
87519
722002
130654
69383
50593
730098
68304
99707
738550
743058
747081
IAAIU
80896
61651
79195
96526
IAAIU
77116
714199
35835
110890
83508
70811
35835
UEOAIUUI
75013
686828
693924
694880
UEOAIUUI
86975
78601
696118
84662
698427
UEOAIUUI
706026
715925
A
90022
717057
718932
723633
731978
111246
735606
743910
745907
OEA
92920
68736
AEIA
729538
78155
130654
738130
744148
79692
73611
102575
69169
751775
90685
754281
762493
765291
773272
29508
781592
788060
O
773603
780554
115835
781377
782525
783470
100319
UAEOOAAA
757765
760819
763357
769254
82652
771801
776587
AIAEU
772475
OUOEEAEUA
OEEE
746805
22867
750014
90685
756872
761725
OEEE
757311
762427
771603
780505
781465
60185
72817
IOAIOUIO
781145
UEOAIUUI
762278
79063
50928
767715
777087
781772
IIUIEOEI
AUIIUEIEAI
106620
739113
AIAEU
99402
91438
108961
741056
750060
109660
751386
IA
117745
732636
OEEE
730575
99417
737755
AO
730147
737416
744908
102575
86975
754710
756866
759013
762019
108007
769751
EUAIEOUE
IAIIEAOOUA
735818
739268
744716
745322
754238
755624
55175
89434
75155
760353
767757
768056
772499
128803
780587
68040
22867
780955
103658
AOA
AOOAOUIUOI
IAAIU
737924
741262
159738
748241
UIAOAE
729447
737662
746917
92940
749273
754356
UEOUUUEOE
IAIIEAOOUA
O
88529
91098
702523
707122
22867
IAIIEAOOUA
IAIA
690022
699600
73611
701431
UAAUE
IAOI
670859
115835
108007
678987
684032
689292
695124
IAAIU
698929
707607
712381
22867
50928
720186
UEOAIUUI
EUIEOIOU
70220
698996
105412
706154
100319
130674
130674
106570
714744
715729
109813
105412
722410
727127
OII
725183
731938
734439
109161
742427
746443
753261
762499
109161
771095
OIUE
764112
766590
770520
774538
783194
783691
125296
109813
790187
791447
50928
96529
88529
85449
797259
799184
UIAOAE
AOUAII
159738
UEOUUUEOE
773294
777534
50593
783787
91416
106620
70220
82403
56366
789260
793883
E
116215
772267
79195
776113
AUAUEUIOOA
755328
94540
756100
89623
132965
UOAOUU
739267
745833
130850
754571
761933
92194
767891
768551
772948
778491
781521
76847
788276
790555
793435
800076
808342
810302
99481
811651
98210
89623
93988
112327
812762
817906
826621
827051
834483
838611
84824
AIAEU
823819
830434
835680
845174
853437
AOEUIOU
97391
840130
847091
855003
855811
865678
II
68040
98515
846628
853919
860659
IAAAAU
861039
870304
UOEUIO
865334
87894
874186
AUIIUEIEAI
871021
70519
875494
UUUAO
88529
UAEOOAAA
852941
862533
82611
60185
866372
97901
81199
871632
877919
88529
882657
883125
888432
895319
901692
OII
887596
894105
70220
76847
896985
905504
906780
916113
918236
922155
75155
926234
930495
933352
936309
72996
942548
AO
70519
IOIUUUEEA
77456
917918
918741
926005
929180
929221
AUIIUEIEAI
132965
918285
925882
929699
931687
AUIIUEIEAI
100319
35835
UUIA
105251
75155
918314
918789
921826
82823
925720
AEOIEAOA
926986
932216
EOA
EAOIIAIU
89519
132965
927511
48723
UEAAOOUOOA
911320
915705
UEAAOOUOOA
115518
51493
98515
87894
84474
62242
UO
48723
907412
102592
912557
921508
EAUU
910814
99483
917168
920906
IIAOU
913516
913709
919232
924198
928590
73572
95173
938325
84474
941574
941636
OUOEEAEUA
108007
919279
OUOEEAEUA
90818
106908
132965
921613
924043
IUAOEOAU
916889
920939
928644
IUAOEOAU
917578
109996
919467
74363
91098
I
901104
909039
911897
913730
914558
921270
925863
129464
50658
IAOI
97593
921457
EEEIIE
35835
912141
UEAAOOUOOA
902582
UUUAO
62242
907970
913034
918070
62242
923526
U
OEEE
884894
885102
91787
885737
887032
OIUA
AIUAEAUOU
IAIA
139401
808932
813832
71536
AUAUEUIOOA
AUAUEUIOOA
71536
812247
814551
821817
AIUOUUIEE
42814
805819
812580
819113
111477
821408
824556
AIUOUUIEE
IAAIU
817968
818765
E
58987
IAII
IUIUU
120769
776034
784517
60722
IAIIEAOOUA
IAII
151543
759827
764597
768002
81799
111477
IOIUUUEEA
750620
755574
756128
763794
OUOEEAEUA
743746
109973
84824
746761
UUIA
728581
729990
732893
738673
142744
IIIEOEU
117095
EUAE
EUAE
110753
720644
725571
727153
731908
734534
111477
743319
744997
753126
73768
754909
759164
107923
98515
766134
119117
UAEOOAAA
744058
96563
80506
751961
756525
759877
761743
769171
773283
781099
790786
795472
93712
98286
113728
100383
801159
94540
805710
806532
807490
817314
104170
97694
823628
825083
830949
832713
842066
842441
843616
847311
847469
IUAOEOAU
840966
850234
858493
865331
IUAOEOAU
111317
111477
105412
98515
126252
874171
874355
879901
884054
891462
900051
142435
92854
907380
60725
910467
160536
AOA
113728
883273
UEOAIUUI
875127
880526
60722
884649
120437
118401
894375
OOIAIAAIO
IIUIEOEI
883910
135007
77896
97593
884043
60725
887532
891273
111591
894664
899560
150176
106908
908241
912181
111591
EUAIEOUE
107923
909319
914019
918351
105251
OIUA
898123
906737
124811
914125
95078
919711
87258
922749
126252
929058
U
922602
U
EUAE
915426
923072
97604
925714
EIEIU
898168
902870
176137
OEIE
902960
127505
OIUE
107923
886435
892926
897644
93988
903300
908107
105412
89447
92854
64131
IAIIEAOOUA
892303
893261
900022
157467
114980
97694
UO
895729
904873
157467
905296
UIEOIAOU
896099
905558
92854
906502
146175
914277
920292
920651
118401
925127
926343
934205
O
937610
945442
EUAIEOUE
930215
AOA
A
94540
123321
76541
EUUIEAOAUO
903356
909957
EIOAAIUEO
97604
899360
908619
86272
910617
84474
EUAE
51493
118401
916054
918037
IAAAAU
900743
99594
909097
IAII
135346
897987
902452
905694
OEIEAAEIEA
890446
93988
892943
130156
898567
EEEIIE
892770
65199
893437
901204
AIAEU
886945
896911
898792
AIAEU
898290
124811
903159
909726
91098
UEOUUUEOE
AEUIUOA
81971
886671
892016
AO
868850
115782
124811
37214
94065
96524
878602
881431
98515
IIAOU
111477
878462
879928
EIEUAUO
74898
877532
94018
886655
895319
110186
904041
905824
U
903151
74934
910856
914128
113611
IOAIOUIO
909159
916928
919822
924567
135048
925425
927950
OIOIU
123733
909425
914743
AOA
IOAIOUIO
EIEIU
157467
128861
EI
853519
861957
117823
112301
871526
112301
876916
104370
879796
EIEIU
UEAAOOUOOA
37214
854491
855824
860688
166642
IAII
855715
136402
103489
116652
56169
110186
862751
IAII
867784
118031
875506
128035
880300
886021
893200
897097
65939
112399
EUAE
902858
909597
917218
155358
OIUE
905103
OAI
900630
U
97926
900171
EI
889364
128861
EIEUAUO
873119
882110
AOA
103945
118382
866006
874155
97604
884122
121740
886508
120101
888802
142772
889524
891133
74501
AIUAEAUOU
882199
891648
893137
902547
907193
74898
912152
919535
919884
AIUAEAUOU
123000
920720
930474
935044
935847
89922
94540
939498
942919
70983
108077
IUIUU
AIUOUUIEE
IIUIEOEI
908944
74898
UIEOIAOU
898757
906240
O
888597
EUAE
AOEUIOU
860500
863048
869979
70983
875345
878345
181064
885547
889543
898756
908738
915266
916049
IA
899540
902250
106995
909067
118189
917131
923413
929636
932431
936471
943684
109270
948027
955368
955422
UEAAOOUOOA
937966
940498
945714
953075
960120
127522
963013
100651
119204
129725
97901
970687
UEAAOOUOOA
966978
971660
116652
OEEE
966991
EAAOEAUEOU
IIAOU
128863
AAUE
172684
AAUE
916007
125146
100651
87296
AEOIEAOA
903010
66260
106995
911850
87296
AEOIEAOA
887668
894175
103945
895015
902697
AUIIUEIEAI
885190
AIUOUUIEE
878308
886551
127522
891772
98603
EI
880486
887909
116652
887925
112301
EEEIIE
120437
875299
879936
OEIE
875702
880370
AEIA
118031
860835
863807
867228
AEIA
867009
113310
870954
875703
100161
70625
877753
118401
OIUE
OIUE
66260
855778
97926
69115
179137
OIUE
859114
AOOAOUIUOI
837478
842924
846587
136475
141694
85359
69115
99470
851722
116620
858813
868587
869034
94065
AAUE
UEEEEAU
156302
99470
144154
840199
841302
845430
44312
853433
857974
862535
867674
EAAOEAUEOU
857252
862808
128760
EUUIEAOAUO
843918
126352
116652
UAAUE
74501
834147
105242
843807
850391
128760
856917
98731
859743
864074
EUUIEAOAUO
128760
843150
844004
86529
127458
847273
854891
863482
EAOIIAIU
853486
OUOEEAEUA
99006
AIUOUUIEE
828351
829820
140212
831588
838335
848219
86529
852734
853171
IEIE
835159
839839
847350
850819
856866
119711
863769
IAAAAU
IAAAAU
EOIAUIA
132942
828904
831724
103945
837044
837454
838940
847034
855839
154198
864026
129121
132942
869167
109795
870005
109119
EEEIIE
UOAOUU
849376
177553
94065
95088
850578
858131
118770
118342
UOAOUU
860019
865846
107604
868910
872894
129127
874630
880324
OIUA
AIUOUUIEE
146175
56169
839785
AEUIUOA
827844
837222
80558
181120
844365
OOIAIAAIO
823365
AIAEU
103271
820025
85359
135315
821550
821842
822460
831080
834076
838027
839754
844568
850784
118992
114764
851836
121973
UUIA
839069
847264
129127
849174
OEIEAAEIEA
OEIEAAEIEA
80336
100381
839533
125238
OUIOIOO
OII
810129
167363
813767
120183
822871
823998
99006
114764
833707
841133
842172
OII
840781
843542
843960
845930
848203
856205
856226
859098
867400
119711
108738
OEEE
117985
140212
869261
120101
870607
876445
883081
886298
81982
894044
897670
901537
906601
906795
908528
119615
98731
141216
910467
920068
928843
84070
930415
936850
938636
106786
939234
939300
942105
UUUAO
EA
120778
120778
109119
UAAUE
886220
893577
894863
896104
901647
911490
154198
103271
84070
UAAUE
UUIA
877713
882656
883689
885444
119615
100615
95240
99723
IIEEIUU
881203
886572
888937
129127
894159
902876
121597
EI
885998
891940
893919
95088
895002
895110
94732
896763
80558
118992
903886
906045
908946
912706
103271
917631
118606
923503
928081
91657
928712
AUIIUEIEAI
I
913944
923256
929858
106786
936478
942266
162312
951164
97601
127949
958708
966156
971339
973383
982848
986446
114764
995592
94065
70625
997695
998250
1004724
1004930
99884
1007623
139016
147197
I
AEIA
997859
IOIUUUEEA
107604
979528
142245
987590
991424
IOIUUUEEA
985244
OIOIU
110128
146175
989057
996609
117985
142760
130966
997644
1003995
1013598
107842
1013845
1022942
142245
85487
1022956
146340
1029277
129409
EIEIU
118992
188603
109119
211220
1011506
1016541
1024733
1026272
1035218
1037052
129409
1043643
1051292
167363
1052420
1058212
1059785
1063559
106556
1071521
1078131
1085177
1094895
IAIIEAOOUA
1078127
1084730
1090977
IAIA
1097211
1103869
1111841
1116103
1126076
IIAOU
EAOIIAIU
II
1076430
134648
1077096
1086137
1094713
1098864
147260
126316
1106678
1114087
1121627
1127479
99723
112002
1130576
157941
1135473
1143881
131244
1150564
125751
87603
117454
121597
1155345
1161779
1165074
89950
211220
1174207
AO
85487
1162234
167363
108249
102057
1164706
AEOIEAOA
1168624
1170901
1176787
107842
1181840
1182246
154915
1191140
1195277
1203263
1206194
EOA
1182038
1183883
114764
211220
1187433
1188772
1193410
91657
146698
70529
1196028
1205148
AOA
1182315
1182555
1186742
1196325
171639
1205637
1210045
1213244
1213354
74122
107604
1217191
70625
AOA
1197749
1207566
1209917
1213355
91657
1223202
1228678
1235890
AOUAII
IA
167363
59875
1209600
1215290
114299
EIEIU
103635
1213245
1219480
1220457
UOAOUU
114299
1207109
134648
74122
1210673
IAUUA
196200
139868
UIAOAE
1170944
84032
1175397
1184544
1193323
161841
134477
UIAOAE
136508
EUIEOIOU
1171174
135805
1175242
AIUAEAUOU
142245
OIIO
110202
134477
1143488
1148401
1150496
1156406
1163328
144798
127565
U
1153940
1161112
110650
1165034
AIEEIIIIA
IAUUA
1111778
75261
IAOE
133382
114174
1087051
1093291
1102505
1104177
1110007
1118255
130724
1119429
106686
IAOE
1118348
OEEE
AAUE
230117
1081566
AAUE
87603
1083553
103314
IAAIU
1074816
1081944
131210
1085468
1093187
134477
1101422
158077
1110773
1118699
1127511
1132143
1137307
1142769
1148812
AAEAUAOOI
1139271
AAEAUAOOI
1126480
116630
1128005
1132240
1135362
1142074
1149369
1157169
1165965
OEIE
1154938
1163472
134855
120000
1165798
E
1173890
75261
1179185
IAII
EAOIIAIU
102749
1148264
1158183
120233
1168103
84233
OEA
IAIA
230117
1135921
IAAIU
142245
92164
1119203
1126740
91657
IAAIU
IAII
1104222
1112429
AEIA
1097393
1098563
1101747
EAUU
1102302
1108712
1116867
IAIA
90844
1117794
114174
164431
OOEO
131210
1115982
1118585
UO
134648
1110584
1110810
EAUU
1093412
114174
OOIAIAAIO
1074847
1076928
1078099
IUAOEOAU
95381
1062913
156764
1070449
1074021
108101
1078412
1085922
1087714
OIUA
151492
85966
1066039
1070346
1071519
IIAOU
UEEEEAU
121870
139414
141088
1060693
156764
161808
1066304
1071403
174872
1077790
134532
120000
1084358
101398
1085277
1092743
IAAIU
150508
88125
116592
117590
1097146
150391
116822
70529
OIIIUEE
1085100
1091937
UEOAIUUI
70529
1091041
1095285
1095749
103314
114174
1102666
1105644
UEOAIUUI
1112881
83813
1117745
1126347
104748
EA
1124451
1125948
72550
1129963
149649
115401
1133073
1136003
1145686
1154816
1159515
1159656
161808
1166836
AIAEU
1152481
95381
140017
1157359
1166288
95381
174110
164121
1167553
109276
1177330
UOAOUU
OIUE
1128475
142829
70529
1136035
129380
1143086
IOIUUUEEA
1128782
UIAOAE
AIAEU
161808
UEEEEAU
174110
110202
OUOEEAEUA
151492
UEAAOOUOOA
1069288
1071301
125246
EA
1061266
1061578
102649
162973
EAAOEAUEOU
1045135
158993
OIIO
1028343
1031383
AEUIUOA
EAOIIAIU
140449
995246
109037
1003367
UEAAOOUOOA
158993
149890
983803
992459
91050
997526
1003517
164368
1006835
U
IA
969841
AOEUIOU
AEOIEAOA
949904
953002
193520
184940
166089
958428
109037
959758
125528
IAAIU
UO
926077
139227
935483
154234
UO
124921
EOA
919077
121500
920489
926253
OIUE
100987
912998
AUUAIAO
909082
184635
916633
919898
70529
929622
938213
946158
AOOAOUIUOI
946480
950249
UI
IUIUU
119235
IAAAAU
EUAE
889194
897162
183753
UIAOAE
902785
123704
912112
914414
918177
182223
103121
117590
920517
925425
91050
UIAOAE
926809
934719
149018
944140
953473
E
950322
152993
85916
950473
EEEIIE
926671
933426
935502
939680
151492
946172
151492
954108
960899
963046
IIAOU
79998
961233
963100
154234
125246
969268
154137
974405
OEA
951642
99585
EOA
147894
921950
926865
936608
945745
949672
959013
158180
EOA
963839
189393
968486
974082
983864
986180
995500
1004598
1014046
IAIIEAOOUA
183753
99585
993749
1001535
1009083
1014286
1015029
1024858
1026709
189953
1031516
134068
139537
185756
134477
171238
1035543
IIEEIUU
1027165
E
1010281
155854
OIUA
138040
OIIO
110725
153174
UEOAIUUI
193520
167394
963932
IEIE
954326
959685
220436
110725
965257
152824
AIEEIIIIA
960132
EEEAAEU
944619
954568
152824
963467
II
948729
I
935358
EIOAAIUEO
933132
941314
125246
950281
EIOAAIUEO
951306
107017
121892
959071
959879
EIOAAIUEO
184635
122580
966561
975575
144562
IOIUUUEEA
965343
IOIUUUEEA
173310
166612
971671
127764
972757
980586
OUOEEAEUA
173310
981595
990719
996576
EUIEOIOU
125173
AEUIUOA
968557
AEIA
AAEAUAOOI
942111
948118
144932
950132
152993
159690
IAAIU
UEUOAOOAU
117590
896521
125246
OIOIU
878719
880825
881129
886515
168380
UOEUIO
864962
868853
140566
253988
875676
877682
882611
106989
OIIO
120429
102994
869212
OEA
142829
82862
842752
847529
111079
OEA
853852
108057
165585
858110
868098
AOOAOUIUOI
135648
869146
877219
182505
AUIIUEIEAI
863484
AUIIUEIEAI
II
142829
II
90690
837519
840007
U
825685
115923
158295
835067
838861
844904
847003
133774
853307
173196
856231
862516
189953
AIEEIIIIA
847228
851993
853885
856626
856629
864292
EUIEOIOU
858420
862197
865536
870943
EOA
165585
OIUA
158466
851283
861109
861884
257481
OEIEAAEIEA
OAI
106989
836033
173196
UEOUUUEOE
831600
835300
838751
841732
159690
847219
850466
859082
862794
104452
864551
IAIIEAOOUA
109682
121892
858810
867677
874354
178605
880183
889839
894455
133267
903491
UEOAIUUI
168380
897061
898341
151785
123286
901717
122434
911634
168380
919594
125246
98067
160916
EUAE
911715
79998
916094
125692
160916
132560
924925
925129
111408
133338
926464
928636
135648
935028
940371
156764
186520
940443
949928
951397
133267
OUIOIOO
935070
114437
936495
936758
150429
946214
955115
960941
968194
973264
976254
985263
990551
993174
1002345
1007109
1010691
IAAIU
195533
160320
1009218
150391
121892
76520
1018806
1023646
158295
1025224
1033970
1039193
UAAUE
1024269
1029266
116467
1029567
1036521
1045575
1053875
1062424
1069246
1070867
154234
159690
1075793
1077645
1078102
1083317
1091691
OUOEEAEUA
1074725
1083367
129239
1088908
EI
166120
1069004
109305
134114
1078004
198717
121192
152993
1086876
104769
EIOAAIUEO
166120
158561
1073204
1076599
OUIOIOO
147134
1061332
166120
132560
OIIIUEE
205685
1058881
1059909
1069732
1077546
159690
169143
186520
UEOUUUEOE
OEA
162150
1042955
1052019
1061040
1067705
1070775
UEEEEAU
213848
111408
UEEEEAU
135648
1064912
144850
1066805
154234
106989
EIEIU
1056311
1061988
1067046
1070569
223345
205685
1073024
OII
160978
1054512
II
I
126830
161731
1037003
IA
1035907
1039730
123367
1040222
160978
1045314
1048951
1056690
1061947
OIUE
165608
1061497
173452
167084
123286
OIIIUEE
116467
IIUIEOEI
EUUIEAOAUO
UEUOAOOAU
173452
1013963
1019829
UEAAOOUOOA
999708
AEOIEAOA
972352
133267
117954
979054
173196
168380
986499
994093
997579
1002872
1005052
1011297
170086
1013890
1017348
1025528
158181
1031869
156764
1033161
1040917
120389
1042514
1045221
1050211
111456
1051386
1054711
1063523
1064846
1067936
167394
1075164
129062
1075400
1077664
98067
UEAAOOUOOA
UO
UEOAIUUI
132560
1011924
IAOE
EOA
104040
157931
161731
979384
AOUAII
963926
189083
968721
972364
978906
980288
983805
154234
984799
129239
98282
993248
UAEOOAAA
UEAAOOUOOA
IAII
957519
962877
971795
976310
976786
161731
UOEUIO
122434
158561
973356
124777
981107
987125
130222
991538
994517
999534
AOUAII
163210
1000223
1009537
1017971
127023
111456
159328
OIIO
151247
1004629
1006918
1014610
EIEUAUO
995828
98282
207699
IAOE
127023
IAOE
969344
EUAE
84792
156025
960581
AIUAEAUOU
940453
941356
941391
EUAE
157931
917388
127211
205518
147213
920918
175079
UIAOAE
899409
901403
911114
119040
IAOI
899628
129239
IAOI
901169
904165
912153
EEEIIE
176303
119040
912543
915683
924053
O
150949
111079
901909
150949
910105
147213
125202
158948
917882
922697
931171
937664
EUAIEOUE
921117
UIEOIAOU
171303
151785
910292
267085
916334
129239
918472
126960
928403
IOIUUUEEA
130721
908449
909688
912384
917069
918199
IAOE
172539
136350
114858
127433
926997
931469
160978
932270
OEIEAAEIEA
267085
930406
126007
938189
941815
948053
244179
949617
956342
UEOAIUUI
949209
141281
166388
954514
141281
958217
965890
189083
971703
978925
984604
987810
994964
995646
1002610
1004445
1011783
1019958
1027788
1035440
165989
177625
AIAEU
186520
OUOEEAEUA
1017156
163944
247404
141281
EOIAUIA
199139
136889
993130
994631
II
90690
127336
983715
990467
EIOAAIUEO
133267
976018
982771
985986
163931
177625
992002
995838
168016
996826
EUAE
983559
988664
996184
1005383
UUIA
992105
171303
110798
999944
1008988
127433
1015188
1024857
1026535
1032859
1033649
136350
1036138
1039571
1040258
171970
131075
1046032
1047837
1053195
110193
1054884
170478
1058622
136889
1068445
1072552
1080749
1082129
EEEAAEU
1058002
AOUAII
1031309
110193
OUOEEAEUA
1004792
1014718
1021253
1026795
114323
1029919
1037778
1046277
167694
1047066
1053681
UEUOAOOAU
156025
UEOUUUEOE
1040168
1046429
UAAUE
126956
OEA
1011434
1019292
84792
184372
84763
1024199
1032985
1037326
1045129
181684
1049706
220913
128788
126960
1059274
126007
1063626
1068593
AO
171197
126960
179095
1049518
1053464
1063265
1064128
1070996
90690
1077342
199103
1085083
136090
116302
177220
145307
166396
OEIE
1084544
1088731
131874
1097757
1104196
1106183
177220
1106793
126726
135944
173155
133267
163358
177625
1113802
IEIE
OII
1081466
1082390
1088565
172305
1088664
139130
1089826
176190
AUUAIAO
1071690
128370
1078859
1088653
EI
EUAE
EA
IAIIEAOOUA
1016350
1021884
1023930
1026358
90690
1034320
1038626
OEIEAAEIEA
175620
1032941
1034729
1043730
1050727
IIAOU
1048104
131874
1055861
IUAOEOAU
EAOIIAIU
167181
191864
1026499
UOEUIO
1014282
1019021
154682
II
145016
UEEEEAU
983790
AAEAUAOOI
974449
127433
983239
136090
181684
988553
UEOAIUUI
191864
UEOAIUUI
184305
126956
981189
123571
984544
988710
137928
995448
1001678
1011273
1013680
UEAAOOUOOA
1012488
1019528
1020910
AEIA
171244
148898
1009460
1010127
1013567
1018679
1021404
1028385
182234
1036338
1037091
EOIAUIA
165989
1025774
1027051
1034627
188823
1043513
1052755
1059845
1063902
180375
1069185
1076997
1079048
1081956
1084083
1091919
1098114
1105644
1112784
84763
1113542
192656
185505
1116981
86389
141372
1124756
86389
1125043
147942
AUAUEUIOOA
173483
1108937
1116146
1119645
1124939
1128856
171970
1137262
1144850
1150058
224436
137180
1150138
1160006
1160353
1167173
1167434
1171285
1179607
AUAUEUIOOA
AUAUEUIOOA
1156949
1164994
1172660
UEEEEAU
181684
EOA
254632
173155
1152085
1158693
114457
188823
1165947
137072
1175122
1182662
171970
1183827
193721
1189206
1197838
187639
171244
191232
128370
EOA
1203204
1205246
IAIA
195643
UEOUUUEOE
179484
1162747
205518
UEOUUUEOE
1171121
1176255
EOA
1160727
126960
1169947
1177329
1186906
OIIIUEE
OAI
OEIE
1172822
IIEEIUU
1154271
1162904
1165042
1168912
OII
171197
EAUU
168236
1139273
EAUU
1134967
1144531
1151100
182683
1156212
1156677
OEIE
205005
1146480
1146807
1147248
156025
1151323
179484
1156079
1158627
1167937
116302
1169293
177858
1171062
EAUU
90690
126956
1159352
98144
1161245
181684
126956
1161831
112871
1164132
1164220
174949
EAUU
1164089
1171938
1173623
1178987
1180005
1180537
1181593
1187096
1190248
1198248
112871
1206754
243908
1216717
222901
1220165
1222240
UIEOIAOU
1208623
1216160
222901
1218312
148898
OEEE
1193355
205005
1193828
OEEE
1193552
1193958
EUAIEOUE
1182493
1187710
1189843
1197860
205718
1203954
148341
1207624
1211343
148898
1214181
171970
1218171
145906
1226184
1226257
UEEEEAU
1223373
1230667
1240021
117787
1240948
154682
145906
1245170
1250869
1259855
1260712
IUIUU
171970
1250255
144409
EUUIEAOAUO
1249581
1250213
1259539
1266485
148898
1267387
98144
187960
193399
1269809
173155
168016
1271692
271404
1277646
192047
1284113
150108
1287580
1295685
130213
IAOE
131029
1273058
1278974
1286373
1288377
1290624
191232
1297407
131029
AAEAUAOOI
1288328
1289951
1298975
1299759
149338
UAEOOAAA
1282485
UI
147887
1263855
151648
255314
1266693
90690
191864
144516
OIUE
1249624
137180
205518
158962
151648
1253400
1259979
1260508
1267295
1267747
1272762
144409
205005
114323
1278053
1280716
1282315
1290676
1291989
E
112871
1270216
1270676
1271994
1276816
147472
178167
O
151148
1250897
1257788
1265246
165989
263370
255314
1274924
149106
1283648
1288518
1295835
1299821
1301898
1307331
1315452
OOIAIAAIO
234147
1315557
195643
1324850
IIAOU
1325342
1327593
IA
1312236
1319805
1325372
1334823
1335765
1344377
272487
1348174
1352851
200737
1360477
191560
1365050
1373171
128370
1378574
EEEAAEU
1364481
UEOUUUEOE
151648
150247
117787
1369616
148898
1378854
OUIOIOO
1373901
1378842
210623
1386411
OUIOIOO
1389279
1395754
234147
1401874
191560
1407552
AAUE
120499
161887
1390498
OIOIU
213893
1371600
1379439
1387926
OIIIUEE
1370662
115672
1378967
150376
1385146
1386072
AOUAII
1367687
IUAOEOAU
1362973
1372492
1376128
1382570
AEIA
129839
1366526
167181
168631
I
UOEUIO
IAOE
92163
189699
1320469
1321832
1331184
1333484
137180
137180
1338737
1346007
1354237
201185
1360986
172496
OUOEEAEUA
1339242
1348910
EEEAAEU
135378
141733
1327065
157967
UIEOIAOU
1314825
184820
1320775
1321737
1323129
1324764
1328066
1328844
157271
153822
E
1309800
101847
IAOI
263813
AIUAEAUOU
1293492
1295388
1301842
1306126
151883
IAAIU
1284708
1286654
189461
OUIOIOO
1286342
1288192
1294550
1300412
1303364
EUUIEAOAUO
IEIE
AAEAUAOOI
1241769
AEOIEAOA
151483
1242965
AUIIUEIEAI
1228900
195643
IIEEIUU
159511
OII
282186
1191365
115672
165224
256628
187213
1198383
1201968
1203907
1206386
1206880
151883
1207093
171229
OUOEEAEUA
1183518
108089
1191051
1195788
1201283
223005
1206945
OUOEEAEUA
1205825
1211688
1212836
1212970
UEEEEAU
1189701
1194735
187967
1196885
144965
E
1181237
256628
115672
1184971
148341
1193291
O
