3765
AAAIIUOAEU
0
4449
I
0
9681
18019
25680
35232
0
AAOE
26593
31228
0
0
33439
0
40477
45756
50337
0
55215
0
62448
69908
EUIIIOA
0
0
59311
EUIIIOA
59319
0
0
0
66773
0
AAUAAUUEII
0
59320
59399
68104
75084
IU
0
66314
69367
78843
78907
0
80273
86541
IAU
2211
80237
85021
0
AOE
69437
71920
76398
0
EUAOEOAE
0
0
54456
58514
63877
0
72373
0
0
77447
78270
82429
0
0
0
85961
EII
82103
86567
0
90617
0
0
92330
0
97821
98653
103126
0
0
0
108733
116696
121070
124126
IEEE
122240
127434
129746
0
0
AAA
129335
132632
0
141190
0
141372
0
0
141898
0
0
149396
0
151272
0
E
128859
0
7661
AEO
107425
110438
118900
OAUUAU
0
116241
OAAOAUIUE
UIOIEAU
86965
91511
13286
94255
0
99196
3053
100319
101352
110678
IEIOUU
98142
99118
0
106186
AAO
0
3391
0
UUOUAAU
UUOUAAU
83800
AIO
0
5607
0
55711
65693
3297
68693
16459
0
75621
0
76779
IAUAO
OIUUE
49514
2211
0
0
EII
9508
40215
44908
O
29932
0
30812
8637
36142
0
44952
54060
55917
0
IAIUOE
53689
63202
0
72640
73446
81722
88653
94790
98877
104236
106701
IA
93665
96371
101817
0
0
5279
108728
111538
9476
0
114464
AOUAOEEOU
102098
0
108147
0
112698
0
119995
0
0
129834
0
136741
0
0
0
146208
150232
0
0
0
156592
164754
0
UEOEOAUI
1444
0
0
147327
0
12702
EIO
132440
IEOAOE
119720
125524
130409
133864
12005
0
IU
112204
118722
0
126322
131361
0
0
IEOEU
116362
116809
0
117423
EIUAIEOAU
106428
6137
OUAEEAEIEU
81940
3017
832
0
0
5330
84742
0
92490
0
EOAUIIEE
94935
96532
0
102999
UEOEOAUI
E
86829
I
74191
UO
2810
51582
EUIOE
0
22844
4731
IAUUAOEA
0
0
4554
5446
8430
13927
0
OUU
11941
3555
OUU
8494
10216
12447
20262
23973
0
25556
27997
AOEUEAUEOE
22992
1597
25127
0
31740
0
36498
18502
0
5497
UUIUIIO
15651
7748
4885
2706
16539
0
18472
24917
EIAUEUAAEI
18920
UEEOUE
EOAIUAEII
EOAIUAEII
1846
7332
9572
EOAIUAEII
21331
0
0
0
4546
9564
9596
15108
0
22700
OUA
0
28334
4885
0
8584
EUIOAO
9973
14620
IOUEUAUE
5173
10900
15497
19289
7748
25861
26419
26512
5446
14196
16459
35689
38346
0
44328
18915
51737
0
0
1876
56821
62212
62426
65943
71904
73455
EEUEIOO
OUA
63591
0
67233
72153
80279
6928
86493
4647
UUIUIIO
80649
IEUIIO
62090
68225
10184
OEOE
4546
39538
46733
53383
UAAUOO
44106
880
0
45909
49599
UEOEAEEO
10629
3876
45278
51498
59690
67856
76031
82703
84843
89178
96719
1158
104838
93
108296
114573
4546
OUIAUIEUE
3455
97470
103819
0
OIUIOOIOA
OIUIOOIOA
97743
103881
105508
0
115475
12899
123503
IAUAAI
105736
114780
121457
0
OEUAAEIA
0
AEIO
OUIIAA
85578
88982
98242
103680
12549
112823
119744
125368
0
AAUAAUUEII
117726
EOOAO
104341
6928
0
3056
111887
114062
120242
5497
130125
133761
134047
135738
137017
0
144931
4673
0
147459
148615
153969
0
12244
EOOAO
159171
162817
4159
164048
0
164714
0
169859
170191
171320
11189
179237
0
183616
AUEAOEUIAA
172629
176044
AUEAOEUIAA
177302
11145
5359
OUEEA
3433
7748
157895
160692
162608
162742
UUOUAAU
149056
0
156998
UAI
6907
0
0
0
13674
4058
UIAAAAAA
140225
4058
1033
148643
154111
IOUOEU
AAOE
AAOE
0
120821
2231
0
121457
AAOE
121614
129468
131577
131640
9943
139726
0
0
144565
153640
154487
161887
170454
0
11941
0
AAOE
171155
UIO
150517
5363
0
155328
0
UEAAUAAIIO
152889
IOAIAEIAE
0
10447
130610
135216
0
138500
145645
IEUIIO
IEA
0
112791
122283
131591
2441
138000
138854
0
AA
0
0
UUOUAAU
IOI
5624
OAAUEIAA
53252
0
63189
0
16334
3646
70389
0
AEO
22941
62581
64453
7584
0
69651
10500
6467
6322
72128
8338
286
81806
86401
0
95483
96960
98512
0
OUIIAA
OUIIAA
76362
80458
20186
0
4159
80643
5409
85567
94679
5391
0
0
79
99890
108282
116712
6650
122774
129682
IUUEU
30713
EOEOEUUU
105626
113221
EOEOEUUU
0
113464
114377
120983
128697
134370
137446
144930
6907
UOIO
0
146846
154302
22941
0
AUAAAO
0
137327
143929
151919
155053
0
0
9251
1065
162033
EAAIOI
AA
I
8454
0
13361
101343
0
21302
101358
1279
1065
4551
109337
6137
115644
116282
125828
2198
1065
20186
131947
140252
144012
EAOEU
126019
132799
3363
3876
13729
132858
134020
138668
142477
UUOUAAU
134242
12657
UIAIAEE
UIAIAEE
135007
141546
UI
115967
118420
123660
129679
0
0
137086
141683
143591
0
146151
UOOOEEOU
823
6467
130735
140301
142191
152174
0
0
157272
823
159734
0
163780
AE
147359
0
153776
163693
5624
172933
179621
181950
0
190198
191873
198427
204197
0
209413
9310
214011
217002
218948
227091
235098
888
30713
9177
238106
241594
16453
246197
249707
9583
11145
255380
263230
21443
2140
272120
7400
AEIO
270963
5464
16453
11189
274886
0
AAAIIUOAEU
4924
255445
261762
263633
AIIIOOO
237216
0
0
2441
UUAO
218799
OA
200009
205650
EEIEAEIA
202068
211604
7498
216712
224940
227716
234059
241179
21443
245645
5464
666
246214
249865
OAEEA
231196
0
3415
0
8338
231741
3363
UEUUUUEU
220781
5438
226311
229219
232638
AUEAOEUIAA
213398
7400
215993
0
14945
570
219835
221548
12397
227882
232978
234303
3646
0
236258
244695
7135
250455
258019
262413
4391
6360
270868
EIUAIEOAU
UUUOOII
UUUOOII
6602
250517
4606
258224
EEUEIOO
6137
AE
11145
249284
UEUUUUEU
7400
22941
12239
230116
4811
239420
244961
14196
13993
247676
12899
UI
231633
AAA
0
EEIEAEIA
0
11312
196248
16753
197874
207752
8338
12397
6629
212450
222340
229717
8475
234529
235454
0
0
240243
0
250217
251916
261474
880
0
823
0
AEAIOA
20941
259920
AEAUAEIE
6268
238630
238828
243446
249665
252566
EEUAOIOEEI
232266
EEUAOIOEEI
233664
12702
242630
245950
247288
UAIAOOA
220375
0
9404
0
13993
225165
226991
233875
UIE
236998
242389
246563
13896
256394
OIUIOOIOA
261226
2441
265600
11189
IEOAU
266296
IIAUE
OUAAAOEAUO
2535
4024
AIUUUOEO
IAU
0
201598
208817
209424
213053
5624
23604
213534
EE
203528
10629
204279
208618
UUEAIOAI
204051
205822
206407
216150
IIE
213523
EOOAO
188805
193072
IAOEEIU
24560
183142
0
191851
192692
IEUAUIU
176152
IOOII
169696
8861
173239
173888
179455
10983
1279
179712
79
189414
193364
19143
IAIUOE
179146
10112
7986
0
181989
IAIUOE
34176
12657
190736
196211
11964
21091
202851
212684
AIO
5624
215567
0
224360
234026
24560
AEAUAEIE
AEAUAEIE
8475
0
0
OUI
EAAIUOA
189353
3433
192969
195512
UUUOOII
22144
OII
175142
2535
175703
177636
23604
180203
6334
180621
184630
3555
190211
193621
197296
7498
0
200135
4374
207130
208862
4174
11104
213216
218042
UEU
823
206815
207500
210409
218935
8454
0
227748
11964
0
227886
229903
234852
242145
245162
21808
AAEOIIAIA
245093
249152
14792
258573
262974
0
1338
21443
4811
UUAUAO
3809
261616
271162
274593
275122
282181
290213
297247
302280
12899
308150
312162
5464
UUAUAO
315106
317981
327292
UOEUEEE
330649
337297
346452
347800
700
OIEAIIEOA
340275
10384
8922
7135
344433
352137
359619
20859
369440
33983
21443
79
371146
AAAOOEUA
700
360228
368983
369387
14904
4159
79
371290
0
0
375657
21091
0
379814
389186
392974
UAOIUIO
AIOAAOUOA
0
347725
354987
6409
9742
357196
357393
5363
364487
12397
UIAU
16571
4606
0
364531
366590
367935
0
IEO
EIUAIEOAU
6180
5312
21569
13993
358022
365129
10629
367235
0
370849
19916
374760
382683
391729
397473
12958
405412
8475
414149
UUEAIOAI
13628
410927
410961
413461
418681
8120
422926
426629
428566
432126
4592
432661
439664
444275
16571
451305
461047
468935
25767
14969
5673
471499
30614
477396
479395
486745
15868
490176
35910
20539
OAOEI
OAOO
450021
451066
457877
458399
460384
IA
700
22144
444983
446523
449801
IA
21443
452629
460977
UUOUAAU
451704
EUIIIOA
AIUII
13439
EEUEIOO
406331
EIAUAIOAA
402422
404050
405748
EIAUAIOAA
408313
OEOOEEUEUU
7360
403023
EAOEU
18138
9139
396004
10426
16571
6543
399309
402977
7271
9583
408071
17711
823
410851
22689
8966
11025
UUIUIIO
EEOU
E
15290
EUOOIAEA
359443
IUIOEAEUEO
7233
0
337778
341386
17663
21808
341544
341750
342756
OOI
4394
325150
7947
334902
344314
OEI
OIUIOOIOA
330991
333599
334806
7270
11145
1162
OEOE
315759
324949
330494
0
OUIE
OAOO
303523
22144
308143
4601
314244
319037
9121
EUIOAO
8229
5408
27633
307981
20329
12397
22772
3039
OA
UOEUEEE
UOIIAEA
266582
272317
4024
25822
273130
281365
285813
EEAOE
22768
289796
296001
3363
302350
2035
16779
EEUAOIOEEI
3809
EAOEU
26225
263536
9121
263768
272727
3455
17951
281987
282771
284110
284452
7373
293546
299103
11415
302775
EAOEU
9226
309327
313822
321862
326358
334635
342224
0
349786
357142
358286
10360
362982
5135
364715
373317
376957
OUIE
0
IAUAAEUOEU
15332
4716
4618
24015
353239
UEEOUE
4949
342645
347561
10985
11839
AAO
OIUIOOIOA
4174
332220
338543
345639
23705
OIUIOOIOA
350451
354973
355838
28181
6681
356625
11508
364239
UIOIEAU
350482
4240
AEAUAEIE
353280
29501
356557
358286
OUOO
350245
353817
362222
362734
8990
369041
369580
31783
0
19069
377366
34235
382388
IOOII
10673
358472
363403
369930
372093
9974
11189
375200
AAA
22227
372881
377402
27545
378876
384288
AAA
14693
384811
391782
16571
AEAIOA
AIUII
14046
350312
3830
UEAAUAAIIO
329726
329804
11839
27545
IIE
EIO
307124
EIO
12517
305343
306775
315915
319542
328654
328913
336014
342169
347906
EUAOEOAE
340117
345202
3363
20859
16670
34636
24250
351642
7270
359518
363132
22588
13904
0
18923
369874
5464
EOOAO
1162
367698
376091
17476
1706
383325
0
392738
393967
AEIIUEEA
9082
393556
OUIE
17998
392478
402160
411876
28181
13380
413549
416105
425005
428526
435454
440176
442271
23764
14153
442740
31103
451845
7219
OUIE
451884
6513
15290
452212
461521
24560
13361
467847
24219
0
473335
16779
479369
483223
491816
6050
UOAUUAEA
472973
11292
473214
16162
479462
480747
487304
488804
494619
12870
495346
0
AEAIOA
9677
494659
504570
12373
16476
19069
510321
518278
526264
13361
526837
533043
3363
534160
538669
545577
1065
551246
559922
AEAIOA
563170
29501
567655
UUEOEOOA
551080
556828
1706
AAEOIIAIA
535205
16311
543622
550497
9552
25767
553366
19224
554712
561834
16311
30612
565864
571731
AIUUUOEO
EOEOO
545210
880
7219
554303
22586
20669
30612
IAU
17676
OIUIOOIOA
530495
286
537360
542993
2608
548091
20935
OIUIOOIOA
15290
IOUEUAUE
526953
532197
12899
540115
12517
540907
541777
9226
24015
31783
AOOEEIOU
AIAAOAEEAE
496093
11858
UUAO
23705
498902
508431
UAEAOAOOA
485455
486986
9313
9121
495714
496291
8213
500991
505552
OAOEI
482305
IIAEIOEAO
22768
472884
475259
481489
488093
IAUAO
463572
IIAUE
IIAUE
10985
EII
435073
438705
447663
451379
461330
EII
9139
455652
25822
465177
14566
AOE
449946
0
452803
458486
467777
477418
14792
478025
30713
478479
484681
10905
487252
496369
504121
509072
513391
514427
522072
530214
AOE
12373
9974
IEOIOI
521803
527949
IEOAOE
OAAUEIAA
488822
498716
24358
504739
506530
7233
507062
9742
511807
7373
20953
IUAUEOAEU
515789
521803
12563
IAOEEIU
IEOIOI
17676
501972
2534
1706
510259
519315
522922
529635
530268
534781
539988
547374
550448
552441
559984
563722
20719
7025
567329
17271
574955
578192
583378
IOUEUAUE
II
11710
14046
558805
12870
566761
8069
572088
9082
OAEUI
4620
544941
554762
20953
563604
566251
568479
44988
24375
568765
AEAUAEIE
0
560143
8276
564800
22358
UIE
540541
549472
UIE
9552
553206
UEU
539929
EII
516641
30243
516699
17998
IAUAAEUOEU
7233
9552
497740
27287
501360
UAOEOAIAE
EEOU
471740
EEOU
471864
477532
481241
22748
483030
491951
21481
23806
OAAOAUIUE
0
24375
10430
490495
IEOEU
23604
22650
480989
490484
10248
491034
17210
492953
8069
12870
23806
44988
IEEE
482920
489510
497488
2441
500812
OUIE
16929
499522
17998
505327
514400
516501
20449
11095
25075
520363
25905
526212
17488
531625
12563
44988
1550
537791
19670
537968
12446
OUIE
540885
38632
OUIE
IUAUEOAEU
15290
516507
516685
525512
27056
531147
IOOII
517108
524476
IEEE
0
29501
497679
500531
21995
31575
IEEE
12899
IA
489960
13380
2459
OOIOOIIIIO
UAI
OEAUIAOIO
456722
1065
27827
461091
461570
465689
472915
473855
OOAOEIO
OEOAEAUU
UOIO
27953
425673
435033
2608
440974
25943
444061
24375
37428
453319
AEIO
47141
29046
25983
20719
4240
431339
15222
22030
OOEI
10900
408880
10905
414897
U
396136
19238
397053
402418
AUEAOEUIAA
401498
21995
5216
11620
23705
10430
9552
403208
11305
EEIOOO
395359
EAAIOI
17124
369327
378643
13904
UOOOEEOU
375965
382124
387338
UAEAOAOOA
IIUEEUOO
17210
16308
11674
341374
342703
350096
12870
UOII
22650
12635
26629
4787
335316
337903
339286
347489
OUEIUUEEU
339447
IAIUOE
18301
340095
345645
349116
IAIUOE
354521
364500
365714
9742
14533
22087
11627
3883
14415
UEU
344890
346773
353852
28823
356377
14415
AAA
8164
9404
4787
7271
353519
356130
11797
363694
AE
363389
367136
375577
EIAOUOEAO
354624
OUAEEAEIEU
OEOOIO
313523
317436
322983
325688
IOOIOUAAAA
314200
EOUU
AO
270823
29332
280723
4230
19232
283562
10900
290568
OEOAEAUU
14981
OU
UIO
220212
AAEOIIAIA
17432
AAO
39427
15662
211157
217324
217839
OUI
UEU
180437
186285
195582
EIUAIEOAU
10985
200913
205099
212052
221316
227576
230303
OUA
224933
226722
16311
17039
236638
0
22764
243468
28370
25381
8673
249694
254437
262954
269671
274514
35910
IA
252424
17847
253285
29707
254422
12635
AUAUIUA
5960
IA
4787
IIAUE
216604
218960
11627
223523
226010
232605
242397
IUIOEAEUEO
223410
19914
233297
14502
37903
240084
4657
243383
245211
252184
15914
IAUUAOEA
240552
242446
249573
249590
6555
254016
255608
259296
24375
0
OIOI
259674
29613
264175
11650
271434
274036
20520
0
OUIE
270684
271848
9632
281579
6205
3493
285395
30676
9168
292382
14863
12814
292903
299227
28370
OUIE
300126
OUI
290419
10900
295612
EEIEAEIA
21481
286344
296253
298356
306725
309848
EOEOO
306202
EIOAAEII
298426
12316
300328
14566
304998
314957
EEOE
309477
316030
OEOOIO
21261
1279
297117
OEOOIO
298360
23705
IUAUEOAEU
282466
27080
285803
IUUUAIUE
263330
34579
5216
273063
32742
IUUUAIUE
UAUE
256068
13724
14318
258777
265685
7141
13717
267098
267723
273009
281542
287299
28370
UEIOOAAUUI
20329
262140
UEIOOAAUUI
267813
273199
23364
277890
UIE
38632
32387
272162
273952
31748
279385
285522
286408
36186
291221
17072
291674
33952
301275
303467
21412
313293
315851
325424
20329
41451
AEOIEEIU
10905
12166
311797
319237
321220
324349
329948
10900
9404
335219
UI
331842
331931
337297
8260
338146
14533
341459
8164
20719
344798
UUAUOI
17847
OAEEA
294431
IOOII
36828
14459
272423
39427
274344
50991
24052
280892
288859
UOAI
13509
290880
27287
300155
AUOUUE
278944
7141
20973
0
UEAAUAAIIO
274809
22244
279308
16266
IOEE
24949
33952
17220
271539
IIOEAOO
10205
272304
IAOEEIU
268284
IAOEEIU
265513
272878
14793
275357
284723
294126
17430
51313
EEUOIIUIUO
297909
301371
305564
313295
17210
322816
325293
AEIAAUAE
313341
316495
UUAUAO
317524
22343
317544
322792
332091
336978
338239
9677
342671
342703
33213
UUAUAO
12983
29999
341121
7141
347075
22244
350290
354670
8260
362304
365054
16959
5216
370604
8260
UO
355107
363403
367720
370703
38632
18728
UIE
OEOAEAUU
UIO
343521
345973
UUEAIOAI
24100
345145
347815
349610
354635
363005
369932
20953
18356
376954
377598
1706
387161
390503
EEEIOUIO
38632
25765
383593
8533
391272
392497
397087
7147
399566
IEUAUIU
35755
10985
17410
46910
388184
OEAA
381478
25391
391189
EIO
382072
9168
AEIO
370589
370663
37011
OOEI
14573
354918
IEOAOE
EIUAIEOAU
327457
20973
5216
21175
333656
7147
338678
342940
344932
IUAUEOAEU
331217
340467
9632
31916
44372
33715
OUEIUUEEU
336595
OUEIUUEEU
339728
6205
343312
9013
OUEIUUEEU
345317
349313
349646
355510
14533
39235
358255
AOOAUIIUA
347464
28946
56131
348389
35699
21149
355944
358765
361197
367448
EE
369821
375874
376341
51313
25411
OUU
366324
AIIIIOAUI
349310
UOOOEEOU
346127
13231
15823
29552
347432
16959
351804
355514
363298
39066
365094
365541
OAAOAUIUE
15619
339508
UIO
EIOAAEII
EIAUAIOAA
315997
31212
323134
AEOIEEIU
14199
12635
10184
44572
35755
4787
IAUAAI
30708
279310
43635
279573
OU
6681
0
9742
264699
18728
11650
IIE
11210
259926
39293
265176
271174
273900
277031
42358
1413
277057
UEEO
OAO
32387
31916
236109
244068
250202
26705
OAEEA
226746
UUAO
26340
210762
211701
216466
29552
219554
23705
29613
25720
6409
12983
IEEE
203493
207315
IEIEUAOA
38187
AAAIIUOAEU
OEI
153577
161022
167339
169899
IAUAAI
29613
156901
39066
157443
UIAU
151571
152796
161806
164866
5328
35422
170696
II
164331
6409
27287
165020
31103
13231
168722
173351
174504
IIAUE
48211
41029
14573
151692
155136
12638
163756
17663
172455
180539
186312
193788
202231
5328
208307
AUAAAO
198661
AUAAAO
204575
5135
207289
22375
11800
208920
214033
12122
215882
222141
225062
227272
236672
241212
19995
241564
250094
AEAUAEIE
244685
6555
22988
OU
IAUUAOEA
204589
23696
206731
31212
215943
IAUAAI
210550
56131
220009
225230
19985
231155
51439
36497
234548
IOAOA
206091
214900
219853
228446
235118
242310
249874
48953
255560
AUEAOEUIAA
257564
263874
265198
23621
265862
265865
2035
4832
269240
273710
275528
277456
285340
288567
41029
290847
299655
38187
306618
51439
309836
24650
311657
318860
327619
11650
5216
14895
19153
23105
330457
31482
12390
UUAUOI
307440
313114
316821
317261
325614
EIAUEUAAEI
305276
OEUAAEIA
AAEUEUOIOI
285968
UUUOOII
274716
283082
287385
292350
EIAUAIOAA
IOUOEU
274471
UUEAIOAI
6205
24375
23705
23686
257252
36369
27311
260096
266582
UOEUEEE
262637
269835
42334
11210
EEO
OII
EAU
237599
42334
240172
AIUUUOEO
225100
229665
33995
230530
233876
239833
37524
27311
240715
6042
26409
69210
OAOO
228491
236666
243219
IIAOOOEUO
13436
246089
255456
259861
263197
AIIIIOAUI
40658
254200
261965
263264
264588
32705
21149
266464
271301
281103
282617
289172
40658
292456
297669
304576
IIAEIOEAO
296032
IUIU
283532
284570
OUEEA
27080
UOOOEEOU
243385
AEAUAEIE
233627
39671
234380
AUOUUE
225448
225588
233159
241044
248873
13254
OAAOAUIUE
247262
256807
OAUAAAIIAA
AOEUEAUEOE
243989
248868
252212
12154
260693
261518
28524
264788
269339
269464
EAAIUOA
EAAIUOA
260583
266225
34195
269557
28986
UAUE
AIUII
237418
246394
248287
25688
248342
251959
260597
39272
24390
OEI
238727
26409
241995
54712
15491
30570
35755
244448
34224
UAEAOAOOA
227722
230756
238189
OAOO
12689
40658
236001
240880
248494
258247
267852
47141
277818
279027
39066
OAOO
21844
15222
16184
EEUEI
6042
255140
26705
262325
UO
252032
AIOAAOUOA
247179
26409
AIOAAOUOA
15293
250138
15195
28986
15195
19153
253844
IOOOUOOIOI
39750
242280
250431
27153
254800
IAUAAI
12983
237499
242152
AUI
220232
23686
220928
23590
226009
233475
234976
235150
AEOOEEAUI
212924
219929
12689
228750
232448
236125
23686
25443
9168
UOAI
43817
24949
235660
240874
245226
IU
31277
236179
AIIIOOO
240089
242527
31448
243082
12689
4565
24198
EIO
227530
231200
240415
245663
249032
AOEUEAUEOE
252315
31349
255106
UOU
12638
IIUEEUOO
47141
236503
28986
240094
249737
IEA
247413
IEA
EEUOIIUIUO
222191
231527
29613
233054
237246
240275
244816
247562
255559
260843
46910
263890
269047
270660
51439
277575
17784
285420
287813
21149
16266
293564
45206
IAA
I
241882
246914
30457
247746
249957
255202
258736
259916
31624
EUOOIAEA
39829
UUIUIIO
AEOIEEIU
186741
25227
189801
190482
195936
201304
208390
44810
23590
211909
219743
226447
15704
69210
231007
231130
30457
235108
235149
12226
50967
15491
240206
AIAAOAEEAE
233734
233738
35224
33378
241679
249999
259445
265452
269953
277995
287430
19819
292184
AIAAOAEEAE
23590
297265
31212
37524
IAU
17644
280621
289935
291207
UUAUOI
AAEUEUOIOI
30901
253695
256615
259596
35699
262079
267289
275546
281568
284661
17288
17410
6042
20329
291830
29613
292591
31929
296055
298838
303531
305487
AAEUEUOIOI
26937
303178
UEOEAEEO
AOOAUIIUA
269985
5328
278958
288919
39750
296278
303602
12689
15619
304254
305732
313845
316985
318474
AOOAUIIUA
EI
302111
21218
59267
6092
55581
15195
12591
303148
24949
309821
OEOAEAUU
305910
307968
309608
15619
OOIOOIIIIO
301361
EUIOAO
36898
295909
297741
UAAUOO
OUIAUIEUE
29001
289783
17572
37524
18015
33147
297986
307533
310977
320626
21121
320982
23590
OUIAUIEUE
325753
332547
334400
343024
351295
352062
359274
OAEEA
337615
18037
337704
343276
350084
EOOAO
25443
24949
26115
44810
EOOAO
342671
11687
35364
344692
353357
UOAI
11463
351833
AAO
333836
341442
5985
342078
347601
OUI
38218
340169
343507
48111
347967
IAA
330776
335075
339942
342643
35755
350473
359589
360740
AUOUUE
19956
30914
37872
342450
21110
349946
355984
357661
360821
366202
31624
373284
17979
373574
25986
380054
25391
33016
39293
384743
386048
26442
391879
IAU
11463
381491
382281
24043
391749
35422
24043
399785
403288
15422
406468
408249
415897
37872
17123
423284
423343
23911
425122
430349
IAU
IIE
AAO
16094
36153
UOIAO
380813
24043
12267
382749
20961
392108
UAAUOO
383994
387399
UAOIUIO
24213
25838
390526
391733
13425
39690
30997
UUIUIIO
EEUEI
384858
22178
385881
IIAOOOEUO
12689
376863
384276
391657
26115
UEEO
366705
375208
378835
15422
381055
16094
384647
388900
394746
41920
401913
406174
413899
33382
UIAU
410571
416028
31349
417024
24213
18512
424826
61724
UOAUUAEA
38218
44385
417484
48211
AAO
IEIEUAOA
384677
UAAUOO
16530
375698
34535
AEIAAUAE
20961
357083
359849
AA
359313
365407
365887
AA
29098
362507
369879
379286
382478
22178
13166
385932
36497
20749
394558
31093
24213
36447
401798
16410
16373
409810
17357
416638
423347
40287
UUAUAO
401056
410291
413021
421474
26405
430305
IAUAAEUOEU
418980
12689
428402
436322
30901
437645
438571
447044
18015
IAUAAEUOEU
450464
457603
461976
41029
471164
481082
490260
492048
18573
IOEE
467188
472546
IUAIIIO
18930
450713
49136
EUOOIAEA
55475
17644
IAEIUAIAA
422370
23396
429271
38218
437318
439758
442226
445617
16959
9639
OU
29471
436878
12267
443453
452326
45196
38537
458502
467672
471692
43263
473755
29991
481379
486968
488308
38537
494022
502185
502749
512290
512931
517916
12638
525236
528074
UEEO
31401
26983
513973
518131
518161
527278
OAEUI
OUOO
EEIEAEIA
497858
501551
502466
44385
508758
518679
37501
523919
533626
35699
536588
543352
UOOOEEOU
539245
40287
31625
26516
49011
542332
552044
552392
558707
558978
47337
563970
569987
574604
19604
51757
584546
48111
584939
591233
OUU
17410
596545
38582
51752
26983
34286
EUOOIAEA
575978
582493
74487
UAAUOO
38992
40668
567782
572012
575204
578942
31444
586911
591066
AEOOEEAUI
576699
579774
583679
589063
594666
602046
IEUAUIU
597498
603126
604548
613660
618172
36545
621416
624121
630389
IEUAUIU
636382
642135
17979
649084
651480
653414
22838
660308
662052
669618
670053
61724
677645
685807
688029
OUA
IIAIOE
673498
15704
26115
EUIIIOA
AEIO
623947
31349
22786
624719
34224
634470
642860
644845
649771
653645
OUOO
UO
638811
12866
644849
649773
21995
43726
652396
652469
24989
OIUIOOIOA
45559
47165
25389
649951
658712
UEA
653777
660635
663283
668601
30909
18602
674527
683971
AEIIUEEA
33147
679988
686038
61549
691294
694165
17123
UEU
692984
701098
II
39094
691860
695373
695549
697195
698439
UAI
48111
703613
UIOIEAU
688473
689929
34669
AIIIOOO
OUIIAA
678472
687752
18602
696879
706197
9639
27491
37501
707078
715228
720734
729030
734457
742983
746254
37501
54086
IOEE
719454
19853
719677
722368
31624
726126
729586
729856
734698
IOEE
734659
741827
750209
754542
14533
41293
26405
33340
763651
769412
775019
782246
IOEUE
26516
782002
35224
782860
787816
34224
IAIUOE
30914
769567
39293
771025
772299
780524
33016
783126
788678
793936
39293
EEOU
773178
31318
774522
779367
788193
792038
OEOOEEUEUU
UIE
IEIEUAOA
25807
729063
734529
UEUUUUEU
11769
725277
18512
726213
731489
733920
32211
740402
26932
749632
39498
755228
761535
769703
53915
UOAI
43089
741570
743052
32017
748566
40365
AAOEIAIOU
AAOEIAIOU
743900
UIAAAAAA
65591
23396
729797
730582
731959
740170
746722
748587
14702
757681
760211
761825
770171
775304
37098
17979
782331
24049
787451
UIAAAAAA
789675
793802
48953
800954
801838
811224
OAO
27055
811490
3880
818624
821332
53961
827055
21121
833747
838934
848414
857163
859803
864935
OAO
31212
865952
OAO
AUI
11769
27306
UIOOUOE
843231
17357
OAEEA
44372
IAUAAEUOEU
34924
829534
34264
37098
29113
37162
IA
64423
EI
12866
EI
12390
17430
797815
804711
813119
OEOOIO
AOUAOEEOU
799336
800462
49011
IEOIOI
794016
795481
796911
44385
797485
806053
IAUAO
798719
27306
OAOAIU
778294
29271
26625
787535
28852
38930
EEIOOO
777972
780630
785571
39390
794078
802580
808492
43263
812356
19855
816247
819588
828725
832186
28736
838856
21110
27306
27055
847138
856555
861134
861577
865206
872628
873539
16958
22976
877349
29098
877393
879886
OIUUE
36125
861889
870421
878411
AOOEEIOU
861180
39498
863114
OUIE
860226
869540
874239
14702
25391
874602
30807
875288
883116
885178
892175
EEOU
30914
35367
885211
AIUUUOEO
873417
876410
OUI
858779
864850
873119
12898
46188
875364
24598
882231
887756
896888
898175
11800
906463
56997
913037
919912
44228
926149
29991
933818
942513
945567
954420
955823
959593
965603
39451
973191
978095
984141
984394
35311
986358
31212
986948
IEO
983180
990653
IUUUAIUE
IEOIOI
39879
IEOEU
18648
929165
34969
937709
30901
938770
946779
IEOEU
946864
IEOEU
950891
956324
957998
34462
966212
41878
48244
23686
974007
UAOEOAIAE
956091
37015
958090
964696
AAIEEUOEUO
940055
UOU
940080
944546
946684
45559
42480
AAOE
925621
928150
26248
UOIIAEA
35145
903826
913456
IUUUAIUE
907834
37898
34224
37015
911061
911293
914083
17572
28077
39451
915310
13295
52167
42761
919661
922973
930197
AEUUOU
922230
927769
935781
AAAIIUOAEU
IOI
37990
884915
893246
71730
46052
902645
EIAAO
47621
883650
887036
30670
48306
891018
27400
69016
892648
900213
906364
912472
917150
919296
EOAIUAEII
909946
912453
UEUIU
UAAUOO
50184
56997
882617
OUEEA
877214
880395
885931
2035
29001
885971
888125
45196
24598
53283
895282
37898
32363
898221
AOEEEOAEIU
2035
885417
886902
35663
AOEUEAUEOE
890378
AEIIUEEA
19046
39451
868466
870524
IIAUE
61439
63884
852754
857136
859072
861001
25114
EEIOOO
42449
846931
40608
850856
853954
EEIOOO
53283
856812
61439
858869
77457
865622
865655
866186
875290
879057
883463
32230
45968
893071
894423
904082
907838
20419
71730
913367
77457
915612
917749
919567
UUEUAEIOE
40458
34969
905596
36447
18775
21121
910224
919148
926768
933511
34924
935105
941048
944360
76034
946193
950069
952869
960860
IUIOEAEUEO
946253
39451
954488
963287
36447
54159
IUIAOAOA
OUU
31625
20419
EUIIIOA
E
901403
903264
84609
19046
912566
21649
18775
917849
EOEOO
908740
20550
915065
918958
921385
922345
48953
46052
45917
66893
17604
924397
930427
940191
21080
945509
10110
IOAOA
952167
956043
OIUA
940732
950268
953809
27298
66054
954102
956333
32230
29481
78440
964215
OIUA
963582
16373
IEEIUAAAI
949450
64434
958089
967401
18373
36259
968841
975994
36447
985408
59302
985755
986737
57829
39917
IEIOUU
29991
990120
997852
1003754
UUAUAO
976949
985778
31349
53915
994595
1002070
19804
1011118
1018104
1021346
AEIAAUAE
32230
1003949
1007813
51752
23396
22766
21165
52167
80381
UOIAO
1003844
1010738
IOAOA
35733
987510
80381
OAEO
46671
25783
AIUUUOEO
939891
947625
954541
959570
965472
17430
973553
12863
980987
39195
990920
31318
998919
1007593
1016510
16373
1019658
12591
1028706
AOOEEIOU
24598
34969
1027944
1036989
1038315
34924
UI
42437
23321
OIEAIIEOA
28852
1024951
1026718
1034689
1042965
1045402
UOAUI
1041008
1045033
1050768
OUU
1047081
IOEUE
1045903
1051532
44385
AIOAAOUOA
1035131
12863
53961
1039470
1043755
1044987
AIOAAOUOA
1050116
29098
45212
OAEO
EEUEI
1024969
34969
32211
1029787
1033184
1034831
33147
1035581
1043342
45988
26932
25980
UOII
1039222
1047395
35733
41139
1054168
1057758
39600
1066757
1076516
39451
1078027
UOII
1080649
15222
UIAU
IEIEUAOA
1064043
1065975
1075770
52206
43857
UIE
1055836
1062504
1064654
37841
1066546
1074482
37231
UIE
1077023
1086362
1089727
1090958
58275
34516
56723
UIE
32909
31617
1093165
1098741
1106301
1115952
46551
1119459
1127975
1130468
1137811
21121
UIE
24511
60487
1142286
31318
29001
32843
UAI
UUEIUI
31318
1111755
33112
53216
EOOAO
1106222
45162
OU
1102028
1107891
1111768
32854
AIIIIOAUI
EOAUIIEE
36153
1067426
OAOO
OOEI
40928
34264
1025266
1029674
1039306
31093
AEIO
1030442
1037613
24930
1040226
1046582
1049080
AAOE
1052252
55475
1052862
1054269
1061998
41800
1071751
1079884
32853
1087285
AAEUEUOIOI
30002
18373
1070827
1076696
IOUOEU
1062682
1069366
56358
39451
1076266
1081465
UEEO
1077800
1081326
1087186
1093097
UIO
1067758
42437
43685
19874
40567
1074918
1075511
39771
1080083
39917
50387
1080960
43364
1085075
1094354
46970
12154
1101350
37755
1101558
1102814
39237
21162
46188
1112119
1119531
1122289
1125974
25043
1131603
1136528
1142692
1145333
1150825
1156372
1165046
1173021
UEOEAEEO
1164425
36259
1170809
38844
1180121
1187115
21080
OAO
1163173
II
1134712
1143150
1143362
1147041
31318
46712
UAAUOO
1135193
24511
25980
UAAUOO
29686
1138570
26158
1140602
1148209
1151493
UOIIAEA
1132639
1138693
1138885
32061
37888
22766
UOAUI
1135367
1138271
45968
58273
1142468
1145712
IAOEEIU
1144290
45917
21649
1153404
45988
1154346
35226
AAA
1157287
UOIAO
1131705
1133990
1134667
AAAUEAIU
EOEOEUUU
1100276
1101307
1107761
1110454
1116913
40567
1120715
54705
21162
1125504
AIO
44206
39255
EEOE
1077476
64114
1085282
12154
1093568
AAAIIUOAEU
1088023
IEIOUU
68561
1088934
1091301
1100627
1108321
1114499
1118571
1122494
1124673
AOE
1104505
1108989
AUAUIUA
59302
37841
UOII
48246
1076042
UUAUOI
1058042
43669
34628
33616
23396
59187
32148
IIUEEUOO
AOEUEAUEOE
48555
OII
47030
54308
23396
40269
982628
44206
IEEIUAAAI
33616
967873
44399
UOIO
36778
24511
AAAIIUOAEU
29686
13187
29007
56313
OAOAIU
902346
912137
AUI
909255
57492
910629
918107
919839
52176
925755
EAUEOO
901177
39451
907699
IEIOUU
894021
OAO
876887
879609
AAIEEUOEUO
856962
44586
862224
45797
38172
870371
874965
879948
886661
896147
39600
26932
904875
32177
17604
15222
56248
2035
OOI
69167
893357
901871
45968
903878
68561
38014
909169
916805
919564
OU
898411
900816
32177
IEUIIO
887252
29686
41899
29686
892824
897464
902884
IEIEUAOA
906044
908022
917500
IOEE
IAU
886182
890251
UUEUAEIOE
42440
OUAEEAEIEU
868938
873800
877928
38014
AOEUEAUEOE
53831
31001
33832
864312
866272
867158
49314
869953
IUUEU
OUI
51615
93550
840783
IOAIAEIAE
823562
50962
824011
829898
833026
94515
839117
848376
857480
39692
26796
859985
865657
48976
AEOIEEIU
849797
859685
42036
AEIO
31216
61549
858157
867385
875678
881638
885222
890331
899771
AA
898176
UUEAIOAI
876570
48953
69138
883427
893116
59455
898436
908007
UUEAIOAI
906562
915387
922456
49307
931925
937625
32177
UUAUOI
931998
941665
951534
24421
55894
960004
49898
IAEIUAIAA
76034
939430
40928
946485
I
AEAUAEIE
939296
948300
62630
955589
964472
32211
50387
27732
IEEIUAAAI
947253
957090
80429
964343
59187
UEAAUAAIIO
26158
80429
31358
948392
955770
955879
UAOIUIO
944212
34969
944408
EI
933158
933211
938454
938859
12154
69167
948306
71631
48953
955228
960184
AAEUEUOIOI
EIOAAEII
947979
949573
30670
OEUAAEIA
94515
940660
941656
951353
44984
954935
53390
959718
965741
EII
948491
950978
959213
964225
969846
977882
983476
991551
55738
EII
992543
994433
1001253
41899
1008224
71828
45968
31216
IIE
38958
OE
43120
971399
32954
52176
OE
AAIEEUOEUO
966930
45166
24620
973136
973281
61915
980899
25261
31093
39692
988652
29007
48363
997773
1000063
1000700
59915
18295
I
IOOII
970941
979521
982012
27240
45917
990911
993590
1003322
1010748
AEAUAEIE
15515
1009545
1018427
UIAU
1003148
1012489
33274
1021954
65885
1023050
1024458
1033892
1041040
35746
80289
OEAUIAOIO
11769
1036760
1044027
22295
18295
1044110
1054073
38958
1056182
1060719
1064217
UO
1055364
1056919
UOIIAEA
1039324
52656
UAEAOAOOA
40434
OIEAIIEOA
1016555
1025421
1033159
1035744
32538
1044299
1047955
EII
32538
37107
AOEEEOAEIU
1013371
1017710
1019457
1026676
95190
15222
32774
52176
1031782
1036440
40762
1046070
1054202
55891
IAUAO
1046922
77758
OEUAAEIA
1043163
72416
49359
50631
36154
52365
AAIEEUOEUO
40382
35746
AAIEEUOEUO
1042337
1048369
20419
UUIUIIO
21162
IOI
1023637
1028224
1038020
AAEOIIAIA
35545
1033911
38958
43587
32211
36154
60927
1034725
AAEOIIAIA
UAOIUIO
AIOAAOUOA
1011427
94515
1015447
AOE
998042
1003613
AOE
22411
1005872
62953
43120
46068
1009681
OOI
51747
UOIAO
11769
25043
961324
35226
967997
UEEOUE
959974
962272
II
54322
38172
950821
955247
963273
972440
980584
43364
36154
986361
40762
IAEIUAIAA
983300
41562
986190
39182
35448
996137
999303
999860
1001931
1010735
1012876
1013359
1021927
1031574
59155
60724
1036660
1041047
AIIIUIEA
1030420
1038445
40679
1048361
1050584
IOOII
1046217
38419
UOEUEEE
35226
1025792
1030368
1031444
1032753
1039342
40762
1045247
1050046
77193
1050939
1052621
AEUUOU
IAUAO
47030
1014166
1019229
1020548
1020931
61101
33211
26158
AAOE
1000345
52176
40458
1008911
49359
1011010
58029
EEOE
35156
1007626
1011619
1012381
26158
AOE
1003382
UEU
981087
55891
AAIEEUOEUO
60487
971602
39451
43093
23884
52734
979133
29686
22268
AEAUAEIE
976135
983070
44827
986046
OEOOEEUEUU
IEOAU
967346
35156
49359
973556
32438
AA
957866
961228
35545
52432
964957
969003
IEOAU
957112
UAUE
949381
952527
32774
961625
965386
974935
983620
989492
997913
1006294
1011962
1017696
43364
1019779
35278
1028873
61915
1033772
52365
73372
1043282
1053260
47030
IIUEEUOO
55192
1047860
1057781
1063775
16373
1066047
1075861
1079641
1086380
1087601
1096162
1104529
60320
39692
1110954
38730
OEAUIAOIO
48200
1095994
1097684
28055
1100866
1101593
30875
1105875
OEAUIAOIO
43364
UOAUUAEA
1106175
55192
23884
66739
IIUEEUOO
54733
68561
54733
22411
OAAUEIAA
EUIIIOA
1059285
1061716
UOIAO
1054300
52365
1057922
53216
38958
1060458
1063903
1064374
1073100
1078622
1080017
1080210
1085427
1094028
1098123
22277
1103444
1103586
1107937
1113509
1117166
1124106
1130619
AAEUEUOIOI
22277
74429
1120546
1130236
43364
1131063
1136758
1142584
1143095
32438
1151847
1158430
EOAIUAEII
1144870
37184
1150519
1153798
47030
51517
1159901
1164599
26301
AOOEEIOU
1156672
24598
1163123
66498
1165254
UIOEIAIE
UIOEIAIE
1162259
36013
1168600
1173311
1178318
1184855
UAOIUIO
73372
1163977
66739
1168575
42111
OEAUOEOI
1151852
1153917
1157272
1164784
23884
1170099
47621
1170759
OEAUOEOI
59915
1174422
1179931
1183660
38501
1187930
53216
32438
1191122
45087
1199175
1202934
UOII
1181246
68259
1181597
AOEUEAUEOE
1168048
1171120
59155
40322
1178688
48200
1179222
1186884
41800
1190395
1194908
60578
1195371
73372
1199679
58473
49543
1202762
EOAUIIEE
1181580
44827
1189098
1190490
1197091
25773
54322
39692
44050
EUIIIOA
1195652
1199233
1206358
44586
1207829
49359
1209772
EUIIIOA
1209048
1216702
52432
64380
AAOE
1208035
1213568
37969
1214714
1218760
IIOEAOO
1204977
1211623
1213739
1222123
1226102
1234318
1236145
52370
OIEAIIEOA
OIEAIIEOA
1217728
52432
44827
1226383
66739
29419
13187
58802
IIUEEUOO
OEUAAEIA
25450
1191937
1201305
1201410
1210203
38337
1213785
1215137
OUIIAA
74601
44050
OUIIAA
1209296
AEAUAEIE
1212945
62652
AA
42111
60227
32538
1201739
1207012
67390
56887
1212912
1214050
57492
AEAUAEIE
1209345
44050
1212922
UUI
26301
1187687
1196747
66929
1203060
1207051
1215242
1224671
12591
1231118
IOOOUOOIOI
63822
94515
EIO
1200239
1207265
53707
1210415
OUIAUIEUE
1211363
1212923
62571
60670
1217440
1218000
1222435
1231106
73621
61924
1234276
1240073
EEEE
57492
1223516
OUOO
72529
OUOO
58020
OAUOOUU
1189505
1197356
1203455
1206922
73038
1210562
1212978
1216950
26104
1218484
57745
52167
1222167
1231647
1239356
1239958
UEEO
1221116
1229944
1235584
AEAIOA
IOUEUAUE
EIAAO
1185648
17222
51747
UIEIUAUOAO
OIUIOOIOA
1162550
1169590
1179557
1179780
43587
1180461
43364
54201
1185238
1188202
32774
1197971
1202584
1204322
55947
1208353
42211
1212295
AE
1208139
1214232
1218361
UUUOOII
1211461
1212746
1219974
59632
1224316
1226438
65892
IUAUEOAEU
36164
107810
1232106
1234087
1239773
25450
1242560
1246528
IUAUEOAEU
1254061
1260807
1266503
1273683
1281051
1290742
AEIAAEIEU
36043
1284366
21649
82757
UIE
73621
1281893
1285703
1288001
1289794
1292163
OEAUOEOI
1283648
1291432
22411
1293910
67416
52432
1294410
OEUAAEIA
1275199
1276310
OIOI
1266823
32538
1268397
33936
1271617
40340
OIOI
IEOAOE
1267622
AAAUEAIU
1252724
1253868
1260319
44586
1269098
1278407
1286860
25450
24620
55359
1293349
58187
1298579
IIAUE
60552
95211
OEUAAEIA
57199
AE
40322
UAEAOAOOA
1214094
40928
1219387
1223280
1224692
39451
1234200
1239783
1241317
1246872
1256071
UUEIUI
1238142
1241054
1243362
1246137
1248639
UUEIUI
1250157
1257743
39872
1265093
1266870
34220
1267730
31670
1276781
10110
UEEO
1271893
47526
UUUOOII
1266622
1273792
1275198
1282407
1289964
59748
1294849
57199
1301945
38857
AIAAOAEEAE
AIUII
AEAUAEIE
1227814
40679
47725
86669
1233641
44981
1236902
1244691
EUAOEOAE
57492
55109
1218544
1222889
1231571
35746
1235431
AAA
1232025
1239633
1246431
IAOEEIU
1239122
1243394
1246095
1247842
55359
1253160
1258901
1262503
1269380
38958
1270741
1272753
34220
58473
51601
1275586
IOI
1255021
1262000
79162
1265749
50627
1270606
1279990
86669
1289668
1296610
1297667
1304800
1313183
1317363
1323952
IOEE
1308932
IOI
1306965
60997
61291
40366
1307761
UUEOEOOA
1282939
27643
53809
1287642
EIAUEUAAEI
1264413
1268151
107810
1273342
21383
1274488
43841
1278346
1283838
40528
EOAE
1288034
AIIIOOO
35746
1286328
1293003
EEEIOUIO
107810
1297266
UO
1287862
1296729
1298974
1307774
1310680
1319489
1327099
62395
1334924
1336837
79162
AEIAAEIEU
21383
1339183
1343324
OA
1325106
1328027
AEIAAEIEU
21383
1317669
1320490
1321734
27486
1325114
65021
1333183
1337159
1337786
IIE
1311335
1321065
1330641
1333787
1343135
70268
UOAI
41783
66634
EUIIIOA
1310521
1319182
AEOIEEIU
1310314
39451
1315792
39852
1319787
1325055
42099
48585
52343
1330534
47371
48690
1337002
28055
1342131
1347749
52343
1353695
1356907
1357621
1365711
58998
1368860
EE
1358400
1367476
21987
47530
UIAIAEE
OUEEA
45939
IUUEU
1315987
58513
1317058
1318747
1320399
EAOEU
1320825
AAEOIIAIA
1317956
1319378
1327888
49759
1331285
48603
1335202
1341910
1348561
AAEOIIAIA
1352135
66952
1355718
EEEEIOIAIA
1356899
1365814
42303
1374280
1380451
1387990
1396151
38958
1396827
1405287
1414578
1423765
55359
1432724
1435870
1439113
48637
1441799
1444133
45939
39027
UOI
1420450
23884
UAOEOAIAE
1406890
42478
IOAOA
1391116
UUAUOI
1374551
1374752
36822
1384142
33616
1391307
1398165
47537
IUAUEOAEU
1399274
1404425
1407171
37800
32774
42099
52551
1412313
OEAUIAOIO
52551
57354
UEOEAEEO
37310
96261
1385548
72053
58313
1393961
1399542
40366
1402454
IAEIUAIAA
1393810
85719
1395531
1400795
1402734
53435
1410879
1415302
1418559
1421440
EOEOO
1424167
57862
1433932
52841
60997
55042
EUIOE
1416290
44586
1418682
1424577
58020
36043
1428758
EIAUEUAAEI
33140
77922
49096
1414111
1418005
71720
1424220
1432259
OUEIUUEEU
40255
1428833
27911
1430951
1438697
61915
1438844
1443327
66013
IEA
1442361
1442643
OOEI
EIUIE
68238
39852
40207
1399865
1409720
1419217
1424666
47537
1426409
18862
1430731
25773
1430933
84121
44050
1436325
85786
72422
1444807
1448428
1456901
1460016
1460197
35265
1465734
39692
1467356
37800
45450
OEAA
1450716
52841
69037
1452286
1452630
EUIOE
EAAIOI
EAAIOI
1425165
1433691
1435165
46016
65802
44050
1442397
84121
1446190
1449549
42493
43184
48585
96166
1453911
1457884
1458230
EEIEAEIA
1459506
27643
IIE
IIE
1454974
49684
1458080
1462565
1466369
1471912
1478186
1483299
55866
1486935
1487464
1489402
1489788
1494828
1497787
1505382
1514186
IIE
80698
65801
64248
64248
43895
46365
1518345
24434
1526076
1527935
28990
1536786
64656
43895
IA
53435
1510883
1516988
1525102
48585
1531629
84345
1538990
1543846
26301
UUEOEOOA
62478
EIO
48953
1520091
1528029
1533154
1540497
47725
1540990
1543025
1545297
48131
1549725
59748
1558412
1560323
1568197
1571060
EOUU
1569114
53055
IAUAAEUOEU
1553574
1558849
1566167
1567831
1572408
1574277
1584124
UUI
EEOE
1540181
1541206
1543655
IAA
1550749
54438
101134
1559253
46936
85719
21987
1564219
1568383
40269
1574984
65021
AOEUEAUEOE
1568834
1577171
1577244
74066
36931
1578030
59748
25773
1579440
1584050
86453
1585797
41728
55042
60320
IOEE
1568530
1574374
1576813
AAO
1558773
1566814
42493
1571466
41783
AOOAUIIUA
1557992
40528
52176
71606
OII
43841
1550117
1551487
47725
1561469
1566681
1574995
38958
1579200
1581679
1590975
1599628
UOAUUAEA
85026
41728
1584059
1588270
42597
43107
70101
82629
41800
1594709
1599902
1601922
EEEEIOIAIA
1581325
1590893
68561
1600074
107329
18862
85143
1601092
1601362
1605175
26997
1608899
50526
IIAIOE
1592929
1598494
21383
IIAIOE
1599930
1604168
1607657
1609218
85786
67977
UUEIUI
1582885
1587966
50526
1590189
I
1589015
44050
65367
1597035
1606549
1609455
29451
1617510
1624428
70982
1632252
46016
1634771
EEUAOIOEEI
1620279
40269
33755
1627036
1628408
36013
1637181
IEUAUIU
1636458
1637464
1645592
EEOU
39782
OE
1632304
57862
OAEO
OEOE
1604010
IAU
1596250
83271
1604585
IAOE
30197
1607156
1616424
64514
45501
1617279
UUEAIOAI
1597116
1606213
89676
1615893
44050
1620739
1626390
63569
1630343
1639342
94342
47429
1641276
IIE
41469
1633866
1637496
AUEAOEUIAA
123173
AEIAAUAE
52841
65648
37272
EEUOIIUIUO
95211
1577826
62369
1584925
1593852
1602526
UEUIU
1582114
1584610
1587675
1592313
1601881
1610852
1618596
1621208
1630074
1635873
32871
1640932
1645002
1650325
1655452
1662041
82042
1671335
72388
EOUU
1657883
46596
57354
44586
1665557
1670445
1670529
1675867
1683658
1688944
60320
IOAOA
1664103
1667223
1669626
1674974
63064
46645
1676891
58273
61915
70947
63064
42111
54663
68561
1681034
67056
1684634
72053
37310
65094
1685369
82629
36822
52946
1693076
64550
21649
67778
1696390
1703624
OIUUE
1684383
1688495
1696582
1698542
1703124
77922
1712455
1721077
1727892
1736710
1739680
38185
1749151
1753699
1761424
1767764
16077
1768726
1771989
47371
1777015
IIUEEUOO
1748762
1752153
1754544
64782
57862
1760078
EEUOIIUIUO
37272
1748830
1749150
AIOAAOUOA
1733350
1742764
1749071
67840
54438
EOEOO
46596
IOAIAEIAE
49096
1745874
32128
82495
AIOEIEUIEO
62964
1727538
1730564
55056
IAUAAEUOEU
1723036
AIOAAOUOA
1713570
71720
1718882
54443
95190
1723604
1730617
29451
1736875
1743907
1749836
34949
1755774
1764957
1765868
IAUAO
45299
IEOAOE
63472
1765631
IEOAOE
1763759
1771424
1775190
1780531
1780708
13251
OOIOOIIIIO
1774020
65091
47725
1783920
42338
55242
38185
1785481
1785915
68142
1792737
1793487
1799314
1804002
1806590
UUEOEOOA
1781818
32128
1784992
70270
1788139
70270
37920
1795486
1798861
68238
1803800
1807557
UUEOEOOA
1811350
1814807
47877
1822781
1829688
67493
1834933
1840126
1841948
1844470
1847498
1857195
UUEOEOOA
42067
AEIIUEEA
75788
1849726
70947
54438
47623
38251
32536
1852360
1858811
1863818
1864291
1866471
1866556
85786
1868284
OAOAIU
1859440
1863046
1865601
1869605
74829
1877681
1881917
60320
1884492
1887651
1893987
45939
1896623
14316
1900512
OAOAIU
73585
1895235
1902515
1908482
EAOEU
13251
62964
1895518
UEEOUE
30149
1877473
1885850
1893128
64514
1899275
82629
30197
72053
68225
UEEOUE
45501
1898628
59369
1906427
1909266
1913217
94342
16077
1916106
1922698
1932134
1937329
1942933
71720
39782
1949226
1949414
94342
75788
1950355
1953035
37894
UIOOUOE
1930374
1937734
1940516
49096
UIAU
1936548
1944057
69489
1944620
1946972
1951323
41280
EEIEAEIA
62369
OEOAEAUU
1932830
1938864
1940368
1949147
1950461
IAUAAI
1945488
1954907
IAUAAI
1959787
98111
UI
IUUUAIUE
1910776
1916637
1922405
1924102
59369
AA
1922821
63344
1924984
1930613
1934103
60851
1934517
OEUEIIAUI
1909091
1914399
1923607
55042
1928306
1928368
1935070
74255
1942076
1948351
1952880
63472
48252
69037
OUAAAOEAUO
1929152
70371
1938682
1942670
1945321
1953761
1962736
1969563
1979380
1985477
1987969
EOEOO
OAAUEIAA
54017
60644
50293
1967349
1976474
1981549
EIAOUOEAO
63472
71296
1961523
1968931
EIAOUOEAO
69489
AUI
UEA
UAI
72105
37748
1896042
UOIAO
OUOO
43639
1878432
98919
55242
41477
45501
63197
1879824
1885550
1895118
39718
1897196
1905871
69489
1910754
75131
44263
1914663
1918423
60320
UAIAOOA
1908431
UOIIAEA
90313
49684
1892994
1900511
EEOU
1882983
41477
1892486
IIE
1868572
48953
85738
1873021
57830
1879334
1885680
69489
IUAIIIO
98919
1881683
1890406
21649
1892413
62483
62483
1897750
47447
1903172
1907918
24126
1911860
115599
EI
1908957
49759
63344
1915915
1918671
UAOIUIO
24126
1903975
I
1891670
107329
85881
1893457
1893798
1896491
69378
1905084
1907994
1916085
1924813
1925318
EIAOUOEAO
38185
77401
1923227
58474
69894
65184
1924753
1926924
1934951
EIUAIEOAU
EIUIE
1918635
1920561
61857
90313
27198
1927046
OIUA
59369
1915401
UAI
42338
1899903
1906125
1909939
1919084
85738
1922679
37724
86148
53055
1932185
1937656
90374
55242
1938882
62833
1939044
1942274
75967
1944375
98919
1949181
76311
1953349
1954919
1955884
1957447
72053
1963424
67778
1966387
1969927
60320
43841
AIUII
1960258
UEUIU
1940555
33109
1949084
59008
53837
1950772
52551
1955010
85761
EOEOO
1947020
1954382
1957975
1959537
64164
IEEIUAAAI
1935888
32536
1936828
1943806
1946840
98919
49096
1951552
60851
1960910
33109
1963041
1969550
1977703
IEEIUAAAI
AUOUUE
AUOUUE
1954089
75843
1958018
65783
1966611
1973048
OII
1967050
1967749
IEIEUAOA
101242
1953566
55716
74829
77922
UOIEUUE
EOEOEUUU
IEA
AUEAOEUIAA
101242
75843
1920275
63472
1922474
IA
62678
1910759
1917466
64782
1918088
1924087
1925265
1932315
OAAUEIAA
1931416
45613
1938323
62558
1946884
51969
1949174
86716
30914
51960
46016
IUIOEAEUEO
1932849
IUUEU
1921678
1924966
1933153
100669
55716
1934383
AAIEEUOEUO
1935723
1940685
IAOE
1937211
63064
85761
1941907
1951406
62996
1952298
1957964
72744
1963430
1964960
1974586
42756
AA
EEEEIOIAIA
1944099
57095
EUOOIAEA
1935215
67004
35332
1936396
1936954
61034
1940588
45816
1941443
50627
UOU
1937059
54438
58474
85451
OEAUIAOIO
1914014
1922163
1927999
1934198
1939985
1946958
50700
50700
1951933
1959733
1964428
22570
62369
60290
1967371
1974496
1979576
AOUAOEEOU
34998
1954061
1961082
123849
EIUIE
1939500
1943341
23615
EIUIE
60290
1941813
51091
55722
79038
AIIIOOO
1938395
1942529
UEU
1922815
34882
1931953
46591
1932017
IUIU
OEI
UAOIUIO
58474
27494
1888900
42756
UAOIUIO
1896812
48953
1900931
1902900
67537
54443
EI
1897761
1906101
1912256
1922034
62833
101242
1930277
66455
1933944
1936460
EI
1939246
85026
1945194
1946250
1951411
EIO
1930134
1934434
1936501
UEAAUAAIIO
78598
78992
OAO
1916230
1925679
1933679
1939817
54200
67449
1949671
71932
41544
1957978
45772
1961710
53837
72746
1969859
64695
26310
47188
50204
1979822
1980956
UEUUUUEU
1969236
1977941
1982847
1988272
41800
41280
77821
EAOEU
61200
1972869
1977215
UIE
41800
1965474
1972118
1974373
47623
1982451
1991317
1995543
AOEEEOAEIU
OUIOOIU
1947625
1951390
72105
1954508
1959089
1962995
1966792
1974910
63064
69489
65653
1983707
OAOAIU
48895
1979516
1981364
OAOEI
1982297
51865
OEI
1958228
98111
62678
60834
1960859
OEI
EEIEAEIA
1945958
74829
IOEE
85761
OUI
1926888
1928595
OUI
38784
1926158
1928605
1935093
25496
1936826
79038
60834
1942676
1951304
1960889
1969338
47486
1969965
31737
1972450
1977910
64695
1985213
35238
1992731
73205
42133
1992783
EAAIUOA
1977709
1979196
1982861
1983990
73205
1985297
62678
74829
1990574
92852
1997968
2004843
76078
UI
1987668
76311
60290
EUAOEOAE
1975135
1983159
41544
1987306
33109
84957
22570
1990234
1998597
50293
46274
64695
30533
2000019
2002927
73183
AAEOIIAIA
65505
47447
1997428
42383
2000666
47623
37800
2005087
2006058
47486
2012683
39130
2018518
62729
AE
1997816
41337
54699
79844
2002310
2008000
2014463
20295
2018307
2019302
55546
2028190
2032725
2037975
91316
101883
2042719
2045031
31596
2045125
82042
UEUIU
II
2015301
2015783
55084
2023662
EEO
2015077
2016592
2020832
2024975
52878
2025288
2033493
60644
2042442
2050469
63297
2056496
2057149
2060089
2061013
2062627
2072084
71519
56370
80221
2074343
40822
2084068
2092583
AIIIIOAUI
2068465
80912
2071305
2079924
2085556
69649
2087101
OOI
2089984
25580
92440
2092509
61154
62678
2096258
OOI
63204
2096241
74377
63572
2097149
2105152
2112869
2114282
2116882
2118117
2121252
29451
2125878
IEIOUU
44178
UO
2073575
2082570
62067
AA
2061412
2064840
40822
2069212
2070406
61200
2078515
2087538
2090409
2092413
2093295
AAO
2086446
55722
2090368
EIUAIEOAU
101883
2084813
61474
90011
2090580
AEIAAEIEU
92823
AEIAAEIEU
2086780
2089518
OAUOOUU
EEEEIOIAIA
2076337
68851
2077193
2080211
72573
2085666
2091152
2097910
2106204
2114682
2119066
55084
68915
UOOAEIOIEE
61474
UO
2096609
2101952
77302
2109706
2116318
AAOE
2102021
54249
2111089
79955
2118350
2119218
107329
51969
77122
UOOAEIOIEE
2111482
2119401
69649
90011
2120971
EAAIOI
OEOAEAUU
AOUAOEEOU
2069640
61200
62678
54825
2075013
2077536
73148
2080334
66661
97906
68851
2086208
2089186
AIOEIOU
2081407
2089557
84216
AAA
AUAUIUA
54623
2057075
EEUEIOO
2043458
72573
2052707
2057724
UUOUAAU
63070
2047675
2049819
IEEIUAAAI
81051
2030613
2032668
2033137
2040893
2050864
2055592
80649
61187
IEEIUAAAI
102294
2060161
OEAA
84216
IIAEIOEAO
63496
78003
72746
2029851
2037215
2041385
2048640
2055457
2064381
103764
2073784
AAUAAUUEII
2066850
46274
2067863
2068800
2074439
107329
2075638
61154
2080588
2090349
2091031
63204
2094009
2102766
OOEI
62833
2090363
91787
2097156
2100282
2107350
2117297
47075
2117570
2118261
2119189
2123314
84216
51969
2128172
2136818
2144566
2150259
2155832
2156721
2162788
2170388
2180343
2182625
80221
54699
68525
EIO
117014
49694
2183380
2186975
85761
2192967
2196072
2201835
2210662
78742
2213499
2215028
IOUEUAUE
2205960
61474
91787
2214825
114213
53592
2223201
2230680
85761
2237536
IEUIIO
2226264
81663
66271
75994
2233163
2242358
72105
2245524
2245901
2250538
2256333
73183
2259572
42133
2264082
UEU
63297
IUIU
2224922
2226208
2233374
2238545
2248144
22570
73585
2250305
51547
77302
2250512
2256712
UUAO
2250449
2255582
2256131
82042
IAUAAEUOEU
2256813
2265354
51943
2270902
40680
2277759
2281379
31283
2286679
2293783
2302683
2303607
68114
EAU
73183
2282032
EOEOEUUU
2270300
94988
81928
89951
100935
91582
52838
2271481
OOI
66271
46115
2262998
27494
OUEEA
EUAOEOAE
2225531
2227764
71519
EUAOEOAE
96561
2201854
33109
UEOEOAUI
2199332
2208034
2209997
2218781
2228290
UEOEOAUI
2236324
69707
67956
61750
2241073
2243180
79168
37920
55546
61750
2249803
2258014
2265437
2267202
85026
2268308
2272509
2280830
89951
2286479
2287994
2289225
2293512
111654
2295829
2296328
UIAAAAAA
89524
62833
92852
IUAIIIO
IUAIIIO
IAOE
2264771
2273975
2276288
92852
58032
72501
55722
2279097
2286349
OAUOOUU
2276739
56920
2285009
2294414
2297046
OUIE
2298080
2307040
63706
EEOU
2290933
2299035
2305202
2308236
38251
2309285
AOOEEIOU
2295680
2299335
78048
2299483
42338
2307919
2313432
62678
67362
AAO
72573
2304356
90778
41471
2313814
2320434
2330078
67362
2334933
33755
97906
78742
82679
2340914
31596
94662
63064
EII
2325016
2326519
2331672
2335686
79564
2337599
EII
2342402
EE
77451
82679
42195
2326819
2333866
2341902
49426
IOOII
91787
67564
2319603
2325773
2329482
68049
UOAUUAEA
2312042
47075
2313778
2315340
27494
71349
2320312
68851
2323453
2326162
IAUAO
2327578
OEOE
2301445
73585
2308924
65229
95250
2315242
44695
2317439
2320179
72105
2324754
2330640
2333452
74294
107329
29451
2339934
UOOOEEOU
2340978
46115
2346388
2353563
2359742
UOAUI
42195
2344642
56703
54249
IA
2325769
2329484
2330849
2338830
55546
2347292
65505
UEAAUAAIIO
2333919
2343107
91582
UEAAUAAIIO
2345236
2346013
62645
2346980
2352860
UOOAEIOIEE
51943
AOEUEAUEOE
2317725
75231
107329
UI
69829
2295711
2296355
2297421
2300760
IEUIIO
2296180
38251
2297457
2307406
76661
65783
33951
2313207
2323004
2325017
82226
AIOEIEUIEO
47447
2316067
2317491
AIOEIEUIEO
84281
2322675
55535
2324507
2332578
2334248
EI
2327778
EEEIOUIO
2317670
2321138
59224
2324789
EE
EEEE
84034
61993
68851
2313187
60825
2321300
66719
2322228
48953
2330807
73148
2340420
2346591
84281
2350236
AEOOEEAUI
2339269
AOOAUIIUA
62988
2330544
2339172
2348783
69742
57846
2351115
2354838
2359697
75231
2365824
2366223
2372808
53592
2373719
54438
2382821
2387458
2388041
2390959
2394254
2398085
2405210
UOEUEEE
2388798
47846
2398208
UUAUOI
2382655
2388255
2388931
25580
83206
2396366
55236
2400724
2409178
56920
62864
2417056
2421981
UUAO
57846
2416473
UEE
48515
UAAUOO
62532
2388653
2391651
2399262
47486
2401528
64695
2410896
OAOO
82226
2406190
IEOIOI
2390587
2399790
54438
38061
2407112
OAEUI
2404230
75563
2411531
31283
2420121
2423296
2430187
106958
68312
30734
47310
2433335
75804
2439489
2443464
EEOU
75181
49379
2444325
2453374
IEUAUIU
2445377
75563
47310
86281
75231
EIAUAIOAA
80944
66735
2446857
62484
2446965
27494
2447351
2453078
2461509
2464698
2465931
2474394
65229
81106
66661
2479997
2482368
OOIOOIIIIO
46274
2474125
47075
51969
OOIOOIIIIO
48953
2473445
2475435
79929
2480485
2488216
AAEOIIAIA
2486414
33413
89600
77122
119796
2490594
72007
100935
97268
2496605
2506559
2511186
60644
2516792
108115
48515
2524309
33413
2528477
2538062
92393
85026
AAEOIIAIA
88271
2541021
2546957
2555468
EIAUEUAAEI
2545687
29451
2546346
EOEOEUUU
IOAIAEIAE
2517908
49426
2526466
2526805
2529306
2536829
2537796
2541966
106420
100935
71795
47188
113019
2547694
2557151
2565618
2570541
25580
2579876
72278
72033
55156
2587482
60825
2588571
2590414
85026
63496
2600108
2607505
2613158
42641
2620381
2626404
37342
46512
44456
IOAIAEIAE
2629097
62532
2633121
2637099
75181
54623
104038
2643953
2651062
79226
OAOAIU
2648823
OAOAIU
2656391
81494
29451
IUIU
75438
2637982
2647911
2655756
2661653
2671531
2676459
86716
54249
37505
AIIIUIEA
81057
2678603
2684212
AOUAOEEOU
2662042
52895
51943
2671030
2674543
92944
79955
2681292
82930
UIEIUAUOAO
68038
2677458
2680425
56920
2690277
2694189
UIEIUAUOAO
2694469
71797
2703237
2712057
52268
70702
29970
2715713
IEIOUU
IIAEIOEAO
92393
2678543
2680189
48515
85026
2685132
2695028
95005
AOOEEIOU
UUOUAAU
81051
2672924
61154
2679654
100935
2680142
IEA
2671781
2676361
2682457
2688743
IEOAOE
37505
49379
2670611
2676717
2681694
2691172
2695432
OEAA
2680347
2689088
EOAUIIEE
77922
2678066
69937
2683388
OOI
2675473
2678369
2683053
2692562
67564
2701948
AIIIUIEA
2692947
2700550
AIO
2704701
AEAUAEIE
OAOO
55584
2679403
74086
2684593
2693467
2701417
2704627
2709788
2710625
EEAOE
2685347
75804
81051
38061
2694398
2695446
68227
73613
AEUUOU
61606
2680447
79955
59911
2687681
2691247
2699297
37342
IOUEUAUE
2693122
IOUEUAUE
2672811
32987
2679031
2688155
2696479
OUAAAOEAUO
2697141
71140
2702420
77989
88737
81051
EEAOE
103237
103237
2685486
IAU
2665084
80649
2669600
2676057
73613
65268
IAU
EAU
81570
2648468
2656212
2658653
2659588
2662763
80760
107476
2663329
2664214
2672253
2674186
2684035
82226
92944
103237
2687598
85196
IAUUAOEA
2685456
92944
2688087
2697846
OAEO
73613
93289
39130
EEAOE
2669495
40972
2671731
2672844
61098
94652
75231
2681532
135714
2689426
78003
2693517
70486
2700884
91787
2702262
74081
2707346
109584
69963
UEUUUUEU
2698248
55546
74081
2706372
2713858
2719159
75231
2725232
2729123
37920
2738538
2748307
104038
85035
80760
2751542
2754840
2762254
2767532
OUOO
37920
2746870
2747864
2748215
UUEOEOOA
2729341
2730176
OA
2719796
56987
55236
2727252
2735697
2742733
114213
2748255
UEU
2749052
75954
UEEO
2737528
79955
64493
69963
AAAIIUOAEU
2737565
2746922
2751220
2753708
OUEEA
2737927
OEAUOEOI
2740908
AOEUEAUEOE
2721468
AOEUEAUEOE
2724018
AIIIIOAUI
93579
2702897
74081
57846
2707438
45971
104038
OOIOOIIIIO
2712353
39130
33755
71522
2716725
2726299
2726749
118632
82004
UIE
55236
61474
2706048
104038
62904
2713813
2717567
IIAIOE
72745
2699818
2707130
75804
UUIUIIO
29970
2703073
2709335
2711882
75563
2718805
75635
2723026
51604
2725655
88787
2733181
2738127
55236
AUI
69937
109023
81051
2712142
2719630
84046
79955
51146
UOOAEIOIEE
AIIIOOO
2696442
2700215
91787
102601
2703903
98882
2704118
EAU
2698666
2708388
2715822
2718272
2719971
UOAUUAEA
53592
70705
2709386
IAUAAEUOEU
2686019
2686307
2692424
2699591
2704938
UOIAO
2701635
79025
2705252
UUI
IOOIOUAAAA
2677691
2683429
62532
2692414
37505
2698111
2699862
90996
2703295
82004
81051
85035
61200
2711958
35974
2715359
93579
2719960
2724930
82226
2734914
OUA
70705
114134
2718007
EAAIUOA
2698304
2702689
44374
82004
81768
UEOEOAUI
97216
102601
2677136
59721
2686046
2695345
26870
2700107
2700171
60644
94960
77775
AIOAAOUOA
2697237
86557
78003
2704420
2707400
2713047
81768
26870
109046
2722092
114134
57846
UEU
2713752
72844
73613
71140
93579
2716837
2717680
2725192
61200
EEUEI
2722889
2729467
2738785
2738877
2745273
2752176
48664
2753373
2762750
67564
EEUEI
UAIAOOA
2762035
64493
2766088
2766201
2776151
IEEE
UEUUUUEU
50858
2726520
2734799
2735209
2741529
69937
74367
2745702
57846
UOAUI
71270
2722239
76661
2727754
2733680
75635
79135
2740764
97673
61235
2748925
2754376
IUAIIIO
OOI
IEIEUAOA
2720550
2730271
2737744
37920
2746560
2749552
2757167
2766145
2769201
84658
2770596
2772993
72007
I
2771768
2781181
2781439
2790311
77821
99564
37920
2793478
2799685
104094
68038
OOI
2783225
2790201
2798069
OIEAIIEOA
2800181
2803486
2806778
55236
2811125
71270
2814874
2821008
69629
OEUAAEIA
40743
2821955
2823066
2824941
2832263
2835952
2845499
2852673
OEOOEEUEUU
101650
OEUEIIAUI
2806239
2808211
2809517
2812886
2820993
2825917
2831422
IUUUAIUE
2821039
2825515
2829876
99564
2835215
2839930
2848158
2852775
IEOAU
2841498
82226
2845792
OUAEEAEIEU
2823458
2829060
2830605
OEAUOEOI
32994
2810167
71795
OEAUOEOI
2795684
34881
2802892
73976
64640
2808761
2815964
2822843
OUI
2806902
2812428
2820815
2824057
2825231
45439
OA
86839
104247
2809196
2815293
2819896
IUUUAIUE
2818809
101154
64819
AIO
114134
60290
87357
2801856
UEAAUAAIIO
2788441
71270
2794681
62056
2799513
2809228
2809833
47075
102601
2815939
2816769
2819050
2825304
114134
2833065
UOAUI
2831032
2836920
2846008
2848701
40517
2857327
92563
UOAUI
2859706
EUIOAO
87767
2835293
2836323
51299
2842356
2845738
53239
71795
2845907
2848883
2853683
77597
2862842
66085
84441
82226
59911
65096
2866623
2873585
2874114
75201
68446
89600
2877331
AAOEIAIOU
74996
2864706
84077
2869319
40517
99564
66111
2874032
AIUUUOEO
51749
2856642
2861762
33621
51146
72608
2868397
2873734
EEOE
2861416
109046
OEEEIAUEUI
2864001
39040
89555
AEIO
2850080
102601
2857155
2865053
2868896
2876275
2885603
2886707
2896202
135714
98707
2904390
2912877
40517
84094
2922340
81051
2926027
IOUOEU
57846
31283
U
2898202
2906137
2907794
2913041
69857
60644
2919635
2922671
OII
2920233
2927149
83282
74086
57846
UEU
2913325
2917354
59911
OAOEI
2906697
2908259
2917157
2921463
61432
88873
2931199
2935073
2935448
2936994
2944727
122728
OE
2928430
2929695
84094
45086
IEO
88697
2916747
95705
2921323
2925167
AUAUIUA
2924409
2930709
102669
61098
2938109
2945234
2950567
2953209
OAOEI
2934949
2937968
2943243
75954
98707
77295
75231
111102
2943902
2950227
2958440
2962260
38061
34087
83317
2965965
OIOI
UAIAOOA
70705
34002
79955
2937856
86425
2944262
95705
59560
35974
OIOI
2921951
2928657
2934741
101788
88787
70689
79160
2939849
2948542
65096
2952622
103742
96306
2956349
77295
2962801
OAOAIU
2955467
2964242
82828
UAI
57846
84296
82521
2952284
64775
IAUAAEUOEU
68948
2945242
2953511
2960727
2968037
82226
2970153
68948
2978929
78552
70720
IAUAAEUOEU
2979413
2979520
OEAUIAOIO
51604
70479
UEU
2950799
2956543
OU
2955496
68916
2958612
82320
2967388
OU
2975286
2979912
2983810
2989902
2999282
3005496
65573
3005726
94971
62864
IOOII
3001483
82828
3011255
84702
89600
3011481
75550
87259
3016194
3016530
3024098
54831
84450
36074
42641
3027460
3030226
IOOII
3027217
75231
50396
3031056
3033110
3039163
3043809
3047193
3052647
3061634
82320
3062574
93923
OU
72007
OUAAAOEAUO
65573
3035376
62904
3035965
3044902
3045715
3046937
68992
3050232
3057449
3059398
3065904
OUAAAOEAUO
IOUEUAUE
73393
81051
3042476
AAOEIAIOU
OUEIUUEEU
IUAUEOAEU
EIAUAIOAA
85599
2961476
75804
70855
2965158
48040
2973452
IUEO
2974643
2979600
79168
2988005
2994814
IUEO
2999657
3006584
3010148
3013393
3016399
3023056
79432
3025820
60290
UEEO
102601
3012527
69815
3020939
65139
3022591
95296
IOOOUOOIOI
3001420
3007397
OEUEIIAUI
71270
3006493
3016099
3021446
75720
3028879
3031766
3034160
AUEAOEUIAA
3008111
UEOEAEEO
87357
97377
120003
116422
32060
3007086
68038
61432
3014113
EEIEAEIA
59431
3012552
3012718
81051
3014043
3015033
3016602
3017644
IAUUAOEA
84094
3001970
3003040
3012307
78424
3022257
3023983
57658
3032062
UIEIUAUOAO
IIAUE
3015957
92406
3018537
3023780
104247
3025852
84450
77210
3034085
60770
3039978
3042043
68239
3044642
100480
76283
UEUUUUEU
3021804
OUIOOIU
82226
3024901
AEOIEEIU
3007205
AEOIEEIU
IUIU
E
82320
2960598
2962333
23845
2970466
2978211
73061
2985437
2985997
2987595
2995186
OAAUEIAA
UOIIAEA
2953531
2958252
2958890
2960148
2966644
2966779
EEAOE
2940631
89555
53528
2949803
94960
2955062
2955259
2963464
2966719
2969360
2974497
2977232
2980332
2988875
2994407
2999849
3002860
3007973
EEEEIOIAIA
115966
EIAUAIOAA
89600
2961449
2964694
2964887
97673
2968218
65573
2970597
EEIOOO
90525
2942039
69937
2943842
2951301
47050
2952741
112998
IOOIOUAAAA
2939216
2945121
53412
84532
2953208
2956688
2965421
84470
64088
73403
IOOIOUAAAA
UIAIAEE
2956203
OAOEI
2956017
2961898
UUAO
60770
UAOEOAIAE
2930049
2938175
2943634
109023
EUIOE
EUIOE
47050
2936432
2941220
89404
AEIO
UUOUAAU
71274
35916
2913782
89366
84532
2915088
OUA
2915494
112998
67104
51063
2918483
71973
UOOAEIOIEE
97241
2891666
2896007
79168
2898026
76781
2903382
2905419
2909661
89366
2917157
2920381
2924766
2927439
2933275
74392
AEIAAEIEU
2907782
2916670
59852
2918625
IOOOUOOIOI
84296
2902769
UIOIEAU
89600
62520
2878436
UAAUOO
2873913
2880007
2881430
88871
UAAUOO
2882845
OAAOAUIUE
67564
64774
UUOUAAU
90254
2864352
UUOUAAU
2866771
84094
87718
2874509
AIIIIOAUI
IOOOUOOIOI
121746
79677
82073
95043
71973
2855802
67241
55579
2858034
2864773
79432
2873890
55883
AEIIUEEA
45370
110371
2856652
111945
71270
2857413
AIO
95043
2852849
2857328
2859906
AAO
2855403
EE
2829852
71270
2838613
2848045
69711
AIAAOAEEAE
EOAUIIEE
UI
2810221
OUEEA
74899
2795494
59329
2801818
2807151
97401
61246
2815559
2817910
2818299
2818626
UUAUAO
2810058
2817859
97401
64157
IA
2800437
2808047
115966
55599
AAAUEAIU
EAU
2791757
2794780
2795531
82038
39422
OUIAUIEUE
2792571
2793613
OUIAUIEUE
2790255
68593
39422
75608
93923
83992
45370
2797655
86449
2804029
2807481
2812938
2821019
2827799
89555
2828840
100129
2829398
2829988
83317
82073
86422
AEOIEEIU
68593
2805231
71973
EOEOEUUU
2806324
2813494
2818128
49383
57638
2827650
AUEAOEUIAA
AUEAOEUIAA
2825230
2834402
87259
71274
64138
75752
2843856
2848210
AIUII
2846938
2847789
2855951
84470
2861231
2870847
2876156
97448
2880544
UI
2862474
52177
OUIOOIU
2857808
73872
OA
AAIEEUOEUO
2823312
41268
EIUIE
55579
2801238
135343
2804222
89289
2808138
2816827
EAOEU
2796098
69583
2805410
98677
61330
75438
2813645
2818785
2826702
84077
71360
2836141
2840102
38061
81570
42241
64138
59329
2842325
EUIOE
2818938
2823836
71973
UUAUAO
88674
122252
2799211
71270
2799255
2799607
2803117
62864
47050
2805594
IIUEEUOO
2806432
2809561
2818754
EAAIOI
2813658
88716
2823482
120003
2827305
2832608
2840195
68593
74757
2847017
90525
EAAIOI
87926
2855847
EAAIUOA
2845347
2854578
2857675
2862774
94960
70426
IEOIOI
62864
OAEUI
2824377
2829328
2831561
2834848
2841939
81127
2844178
2852448
2860788
2867444
67143
73403
OEI
116253
81213
2846890
51551
122594
120215
2849366
75958
IOAIAEIAE
OII
2827701
OII
IAUUAOEA
2801390
64819
2808017
2809212
2809685
55883
70426
IAUUAOEA
2815687
2822366
IOAIAEIAE
84702
UOAUUAEA
103763
122252
98707
2788946
2791672
74980
2794708
38061
2794835
2796029
80995
2802821
107185
2803001
71274
82712
2806910
OAAOAUIUE
2805097
2810927
2812252
2817272
OEI
81997
48664
2793893
70512
2802623
94542
2806570
67405
51551
2810505
OEI
AIO
2806121
AIO
2805566
2815443
2821094
112998
UUI
AEIO
82073
111805
60770
UAEAOAOOA
UOOOEEOU
2770360
2779137
59329
2783485
78980
IOEUE
2767875
2767965
EUIOAO
2769797
74798
72026
47050
2776550
OUEEA
66408
2768993
IOEUE
IOEE
2732531
OAUOOUU
57140
2712228
81046
34002
120746
44113
2714875
84450
70689
67414
78018
91735
2719919
2727564
42241
2737151
2746893
2755959
2759328
95197
86933
2761346
2770796
2775059
AIIIOOO
2760908
AOEEEOAEIU
2740374
51551
70512
2748249
OAOO
2747992
2755164
2756412
UEAAUAAIIO
2732590
2742410
51551
68038
87259
69926
150282
2751757
87369
2751931
2753723
70426
2761311
2764991
2771666
2778403
2788116
2788155
2789427
74392
2790391
94542
64819
65628
87369
80969
2793715
2803360
IOAIAEIAE
122594
2796141
2803263
2806961
47050
92619
2816302
2821632
2825916
68948
2833907
72881
104094
73403
60144
2834566
56370
2844464
EOUU
2837993
2845600
AOOEEIOU
2829655
2832017
2834437
68111
91224
87237
107677
2838069
50272
2847900
2852965
2854015
2856812
2865325
100791
150282
2871566
2879326
2885618
123260
114361
2890953
2896408
120468
AEOIEEIU
2877899
OII
UOIO
95197
68111
97309
2856972
EEO
2844381
2849884
2854998
UEOEOAUI
85718
2846113
82712
39422
91692
2850403
2852000
UEOEOAUI
2841295
2848686
2856497
2865940
67510
2868937
UEOEOAUI
42282
2865613
OUEEA
120739
2860955
83992
2861903
2864440
2871205
76737
2878644
97241
2881736
120468
68141
57638
2883145
2887762
67405
2892769
112382
116147
UUUOOII
81116
2886814
94573
2893797
2895509
2899678
2908412
2911722
2913916
AAEOIIAIA
2899044
2904845
2906949
2916647
122594
UOIEUUE
2909212
2917922
2923375
2924587
2927156
94445
2936237
2945124
87369
2947960
2951529
AUOUUE
2931076
86710
UUAO
112426
2921524
2925738
IAUAO
2911001
117941
137065
2917605
AIOEIEUIEO
UEIOOAAUUI
2905426
AAOEIAIOU
118493
93632
2891342
118493
93169
IIAUE
2875462
2882483
2888667
2895974
81023
2896097
IEOAU
2873708
67405
2873720
2880804
2886832
AOEEEOAEIU
23845
70509
93169
91439
2860610
2864758
2869970
2874268
57397
2879073
2884491
2893867
2898324
91439
108034
2903286
108950
2911435
100367
70426
2912387
44113
2921767
2930343
2935862
121863
96511
UUEUAEIOE
2909127
92612
2912985
IUEO
2892983
83474
68141
2898864
2904185
2908160
2908829
2915213
78018
75550
126195
100791
2921574
2929513
2930374
2938893
2945221
50272
IIAOOOEUO
78851
IIAOOOEUO
120176
2946228
2947354
83992
75732
82712
59098
IIAOOOEUO
2944335
2947076
2952765
2957391
IIAOOOEUO
73219
2960263
EEOE
133408
2938330
79955
2941958
2950148
AOE
EAU
AUAUIUA
2893267
2896253
UUAO
IEEE
2884490
89097
97309
2892097
2892341
2895206
83949
AOE
2879653
2888598
2890370
120746
2899959
90588
2900055
2908912
97309
82752
98946
2913358
2919089
2919519
70479
2923922
2932392
100374
2933131
2934270
23845
IIAOOOEUO
2912025
IIAOOOEUO
2909460
2916734
2920989
120739
68593
2927290
72417
140563
2936027
2942825
2943885
IIOEAOO
69776
2943533
OOI
2919648
2919961
2927605
2933583
IAEIUAIAA
OUEEA
2916798
79015
2925698
89289
2927365
2936221
83949
2943063
2948708
2955430
2955801
2962482
2967212
80153
100523
2974902
2984259
2989463
141780
48177
2996525
EEUEI
2975802
109023
109023
2981083
43000
2985424
OIOOUII
62492
2975962
103400
2984485
2991415
100791
2993253
OAUAAAIIAA
2980874
IIOEAOO
OU
OAUAAAIIAA
119995
67414
79015
2922427
87718
2926562
91244
2928025
91439
2932940
2937676
135343
126195
IEIEEE
67414
2938957
42282
65359
81046
78018
2945506
2952637
EOOAO
75732
86738
98946
90948
EOOAO
104691
2932196
AUAUIUA
2922198
94529
91692
81127
2927962
2935640
OAAUEIAA
2913940
2923209
2923703
IAUAO
80460
2906859
UIAIAEE
78018
107677
2901010
2907387
2910640
UIAAAAAA
2902041
2903265
2913130
70426
89289
2915787
2923970
2925409
IAOEEIU
OEAUIAOIO
EEOU
2891922
2896620
2900229
53011
2904679
2911133
2920726
2929760
2931599
54834
2933219
93632
OIEAIIEOA
83949
UEEO
UEEO
80358
2903875
2904711
2908647
2912167
EUIOAO
103889
2908441
69433
112219
2911661
119908
75752
2915177
2919462
78424
2920440
87369
2920717
2928844
UAOEOAIAE
53660
2905542
EAAIUOA
AAAUEAIU
2861537
2870506
2879077
59433
2886390
2895158
UAIAOOA
95815
77494
2883706
93665
2893678
2899140
156582
2902568
2911991
2921887
160960
2929224
2933584
UEEO
64725
2908810
2915077
80256
2916954
97560
2925808
2935468
112998
EAUEOO
OOEI
2922043
135343
2929726
2933278
135714
OEEEIAUEUI
102268
OEEEIAUEUI
42282
2921152
55393
125482
2926934
95815
120874
UEUIU
2912405
112998
2917878
2919243
59433
2923058
AIIIIOAUI
2896768
IAU
OAUOOUU
90588
73061
135714
OAO
67927
2848191
2856944
75040
2859933
55393
96511
AIIIIOAUI
59098
2835506
2839036
119908
IA
2827060
2829575
75720
84751
60060
95005
2831016
109363
99758
IIAUE
134809
2805279
96542
117738
59098
48177
2813735
2820370
2825200
IIAUE
2828506
112426
OA
2814996
128162
128213
89289
124329
108373
2820402
27665
67414
76558
2821789
2831299
48177
2841236
2841376
165586
134970
2845360
87183
2849656
IIUEEUOO
2849286
IEUAUIU
2844126
2845366
2855322
IUIU
2849494
2857538
2862299
UUI
2845638
2848942
2851277
71408
107067
2859794
103193
UUI
131619
2864460
UUI
73701
80199
2866801
2872778
OEI
2865206
55775
2873479
2873625
2878673
2887272
AAEOIIAIA
2864332
2866741
73061
2867467
109421
2873562
2874374
2883981
84071
2891150
100709
136218
OUIIAA
2878399
56370
103400
2878476
2880662
2888672
86738
80508
49383
2896969
2906433
2908223
74757
UIAU
73854
2887062
2893381
2896111
2899294
2904073
2910168
IOUOEU
EEIOOO
2876570
96542
114260
82945
2884683
120176
112998
2894208
2902058
2908693
2912038
79843
80358
70426
81213
2917792
65628
128162
2918707
2920268
67927
121275
E
UOAI
2872593
2873668
2876351
2879039
132533
92824
136218
UAOEOAIAE
2861391
2868897
100649
2871868
2872485
112382
2879456
2882014
2883392
2888996
2889280
2890632
IIAIOE
87683
119115
2886013
2895306
EEUEIOO
77021
73854
73403
2895737
AOEUEAUEOE
71847
99996
UEIOOAAUUI
2871482
2873438
2882887
IEIEEE
104642
2871867
75049
84845
2872320
2875761
105456
2880045
IEO
2873952
55775
71847
2875178
2877500
2882719
2884259
AEAIOA
2883856
88585
2887861
122252
119745
2890688
2898419
71847
2905991
64157
2906131
AIIIOOO
2888798
126717
59679
98352
2893483
2894031
2901099
128844
2905893
2908550
UOII
112998
2883192
EEOE
2881644
2887949
109421
2897683
82945
2901139
81824
2903644
2913234
2917394
124329
119500
97071
AEIIUEEA
IEOIOI
2890116
2896659
90167
67673
2901623
2910469
2911185
2911694
2912539
96958
2916564
120831
2918285
2926187
UUEAIOAI
120793
OEAUOEOI
2911875
2919984
2922492
107677
2929890
2938240
2943676
OIUIOOIOA
83200
2939703
2941605
2949442
112998
2952351
2960596
2965344
2966429
2969647
OUU
2949549
91692
2952990
UUEAIOAI
2947791
AEIO
98352
56370
2934872
103763
78194
2940077
2941666
2944647
2947942
71433
2949589
2951799
2956742
84042
UOIIAEA
94445
100709
110683
OAUOOUU
AEOOEEAUI
2929963
2933871
2942672
2944380
EIUAIEOAU
2936274
2936925
2942048
2943437
80199
2948989
2955601
2956256
119995
IEIEUAOA
2956570
2961424
27665
2963223
2970451
122287
2972447
2977650
2984657
2987849
2992075
UIOIEAU
OIOIUUAUO
2964475
82516
2969215
94529
IUIOEAEUEO
2948691
2951481
2951988
UEOEOAUI
2937962
97995
2943179
2948163
UAI
2945101
127339
88929
IUAIIIO
OUIOOIU
2925064
80199
IOEUE
2922739
2926687
2935683
IOEUE
2935992
2936319
EII
EOAUIIEE
2921904
2925767
119115
74650
2932998
EAOEU
71951
82516
67673
73701
2930635
131619
90588
2931313
2938390
100791
2947079
2950423
2952431
2960760
108135
2969226
2975279
2976737
2977840
2979819
2980079
EAOEU
2983050
2988085
2994006
88051
90007
2998468
3007464
82945
3007545
3009747
3010945
3019273
UEUUUUEU
27665
3000650
27665
3005545
3013091
92555
75688
3019347
71408
IEA
69993
59098
3002016
IEA
3003803
94529
43588
UEE
IUAIIIO
109632
2972202
2979534
2979601
2979959
IEA
AIO
AEOIEEIU
2934311
104642
129862
72106
2938565
EI
2925847
UIAIAEE
108655
2911996
94960
2921339
A
OOEI
2877476
2878158
2878792
65628
2880082
AEIAAEIEU
53660
112693
EEEEIOIAIA
76138
72042
66920
2875633
2884669
65449
79749
75247
73921
EAAIUOA
OAOEI
2847409
94723
2851909
39518
2857873
136571
2867003
92555
AAOE
2850785
2860724
2868501
2871989
UIAAAAAA
78424
85880
2860922
82828
2869103
99429
2869664
88929
2870638
2878948
2885321
59364
2889951
100758
83932
65449
83932
2896533
2899399
2900638
2901730
2909597
100758
120468
2910972
UIAAAAAA
2906928
AAOEIAIOU
2887554
95986
2891713
AIUUUOEO
2873066
2874469
AO
2852273
2854712
2855768
2863919
2873295
114260
2880605
2887043
2889594
2890793
82828
100381
2899694
112018
2907426
2914941
2924408
AO
2925548
2926992
2927646
2930983
89250
2934028
82813
2941316
2949368
80358
2950279
2952673
90125
2960931
83857
AO
96829
109050
2963123
79843
2969359
2976530
UOOOEEOU
2956014
114260
2963183
81116
UOOOEEOU
2966146
U
2941956
55028
87718
2947390
UEIOOAAUUI
2939667
2948630
76840
2958536
UEIOOAAUUI
2961035
2970686
99562
2980227
2981912
2982421
80199
2983812
2990666
2990974
2991144
81731
OAUUAU
128534
2967403
119995
AOEUEAUEOE
UIAAAAAA
2951165
2951451
55393
91349
EUOOIAEA
27665
82828
2938157
2941156
2941226
101269
2942700
101798
2950006
2952751
85097
OOIOOIIIIO
93923
99429
OOIOOIIIIO
2940442
90372
114177
2942529
2949429
91692
OA
86071
OAOEI
2925700
78018
104642
2935201
81731
73072
2936077
UOIAO
U
2899524
2899953
AEIAAUAE
2880743
100649
AAAOOEUA
2885597
61692
2890365
EIOAAEII
123742
IUUUAIUE
2883813
UOII
68613
58271
106687
AIIIUIEA
EEEEIOIAIA
147617
2838700
2845556
2854282
2855140
64040
100863
108922
135343
2859280
105458
109719
2866084
82813
104893
2867555
EEEEIOIAIA
2864085
136571
IOEE
2835895
2836616
2837149
72898
AIOEIOU
2826130
147617
2829112
EIAUAIOAA
86479
136571
2802037
85880
OUI
96542
98944
2788985
74252
80721
2792305
2800746
100246
90372
2806225
EEOU
2784621
EEOU
2782382
2786515
129862
2794677
2800017
2800734
2803344
2809258
112249
109976
2817891
2826375
2833004
UAI
82073
2806947
80369
112246
2809669
56108
103193
2809943
2811875
UIAU
2808096
96935
2810698
IUIU
2805460
2806072
104453
136841
2808950
51269
2815866
2816296
2826068
IUIOEAEUEO
2799994
2806565
2814511
2820330
2821068
96929
91107
129862
74615
2825087
73072
2829621
68115
IUIOEAEUEO
2825388
OOAOEIO
2822355
69017
103070
IIUEEUOO
2811213
IIUEEUOO
100246
IOUOEU
2791689
90714
2801193
147617
72200
IOUOEU
108174
119500
2802012
2811141
OUEEA
2806848
86071
2812076
2819133
EEOE
IEO
87800
112482
IUUEU
2786345
2792154
2800403
2806053
AUI
2784068
2794051
2794707
EEIEAEIA
EIUIE
79843
UEOEOAUI
2751957
2760379
2760635
2764079
2764810
2765254
97995
82491
96393
2774307
AAEUEUOIOI
129615
2757919
2763974
UUEIUI
IAIUOE
101632
113159
140640
85097
OUAEEAEIEU
2698650
IIUEEUOO
2699708
2705098
IEEIUAAAI
64040
90714
2699504
104993
55028
2708475
2718325
2721495
UUOUAAU
2722718
103193
2728694
2736009
117618
OUIIAA
87459
2737884
2743048
115971
2748963
69466
2751147
2757743
OAUUAU
85733
2761311
2762082
2769414
90436
2770248
2774091
136940
IIAEIOEAO
2766551
89603
2768957
2771505
125015
UOAUI
OAEEA
2742687
2750162
2756897
2763108
108025
132736
EEOE
39518
UOII
133913
2740185
2741512
UOII
89250
2738481
104893
2744677
118708
96448
2753869
2763535
2767001
86167
IOI
74969
AIIIOOO
AIIIOOO
IIAEIOEAO
98698
84126
2727529
62872
2735638
2740458
2747737
2750085
115404
90714
2758150
2760736
119278
2762537
2767714
IIAEIOEAO
2765467
2773428
AAEUEUOIOI
2754411
78245
2763832
2773773
2777325
OIUUE
AE
UUEIUI
2713479
2718637
2719385
112693
2729176
2730589
2731665
2734649
77417
2738794
123944
2740512
122148
2749078
2749781
138814
2753575
125026
136571
2762410
2763754
2765918
101662
53077
IEUAUIU
94056
74969
73791
2758341
2764642
90891
2765113
OEAUIAOIO
48343
85733
EIOAAEII
81494
2724503
2734093
2736710
EIOAAEII
2741610
2749809
2757766
99429
2766611
2775759
136940
2777591
2779554
2782463
99429
EIOAAEII
2774914
2776945
IAUAO
IEO
2755249
2762752
72898
113159
2769940
2770772
98242
2780523
2787081
2789773
2798873
79749
AAUAAUUEII
122202
2788928
2794549
89603
2803977
OEEEIAUEUI
OUAAAOEAUO
OII
EAAIUOA
2747732
110151
2756211
64040
EAAIUOA
98242
AIOEIOU
114260
AE
133913
AOEEEOAEIU
82730
93345
75247
80067
2670152
UOIEUUE
94723
2659423
2665834
99668
100309
118708
2666788
2674665
2675896
2682524
125026
93890
IIE
72200
2682398
88051
118708
2682564
2685566
124587
2690876
2690906
2692876
EUIIIOA
104902
2670193
122202
UUAO
147617
106593
96732
2643393
76639
2645630
2646953
2656883
2663295
2672081
2675972
AAA
2652977
55775
2653251
2658888
96393
2667357
2673937
AAA
112998
AUAUIUA
82730
2643626
2645355
77941
2654619
OEOOEEUEUU
51269
2632694
130878
99497
2639423
AUEAOEUIAA
2633102
EUAOEOAE
2621292
UIEIUAUOAO
91776
2602707
2609934
114260
2614925
UOIO
81454
94802
2598773
106593
2599759
2606808
144652
AEOIEEIU
87459
43376
2584272
75119
58940
2590617
2592189
2594670
119278
81011
UEEO
119836
2591541
2599541
IIE
2573754
2577752
IIE
91776
86704
2583146
135516
81116
119836
2588173
2598158
2600520
2605119
2608660
96958
98242
62872
2615203
I
2602926
2610637
96356
IAUUAOEA
2604681
2610143
2611992
2619381
2626310
139830
2628219
29332
89692
87667
2632684
2637097
IAOE
2628735
IAUAAEUOEU
AIO
2577082
80369
2585992
2588297
2589116
2595819
107816
2596433
108724
EOOAO
EOOAO
113356
2588966
2591096
2596498
89692
61692
96901
100658
2598398
58940
2605485
EOOAO
85560
110514
2607741
UIEIUAUOAO
2599821
OAOO
120930
2589298
136218
OUEIUUEEU
127149
87874
89692
2587058
UIAAAAAA
2575396
112249
76639
2575933
89490
IUEO
AIIIIOAUI
2536326
68115
2538658
2541025
2544703
2551446
2555069
2558651
2566787
2573470
AEIAAEIEU
2551297
IEA
61942
135516
2541011
74252
116434
2546716
2555038
2562809
2565212
96958
2574357
2584070
64040
2591875
81011
142489
2601461
158150
IUAIIIO
103696
135516
2592909
135387
90891
2593563
91027
2600103
2605247
EIAUEUAAEI
IUUEU
2581960
2586213
AAAUEAIU
2578226
82336
122209
EUIOAO
EUAOEOAE
82442
2568278
2572987
109050
2582557
108724
2583660
109976
2589408
2598434
2600288
2602034
105458
2607509
111129
2614902
90795
2620374
2629967
62872
EIAAO
130878
126867
2617572
108033
118708
56108
125015
2622648
2625887
94350
108724
144232
100470
2631530
2636615
2640329
129360
2645726
2647358
2657144
2657487
117301
75345
AAEOIIAIA
106565
2636279
114575
123061
OUEIUUEEU
2624519
2632676
2633278
OUEIUUEEU
100470
101662
AIUII
2629965
2637587
130209
2646793
98016
124161
87819
93955
124161
2653248
75268
AAOEIAIOU
AAOEIAIOU
2637884
EOEOEUUU
137608
OUOO
2625846
2628556
75268
2637392
80167
2644672
128324
2652608
111129
95462
IAIUOE
UEOEAEEO
105539
2628690
80721
2637158
135516
81454
IOAIAEIAE
83239
135471
2624189
2632768
2639087
2646937
2648080
82336
2654220
2655103
2659018
2665973
2670631
