9475
0
11938
16590
23886
0
0
0
26369
31866
0
35451
43553
47919
55098
0
0
0
64539
71195
76591
0
0
0
81730
0
82268
0
0
83314
0
IE
65637
73449
76794
77127
82771
88994
0
0
0
91774
100968
109122
113898
117198
0
117329
0
126982
132132
135594
0
0
0
140207
9475
0
146547
0
149416
158568
165806
166379
0
170944
0
4652
OIUU
177260
184559
194068
203725
210980
0
0
220537
222203
222841
AUIOII
2463
0
EEIAIA
203460
EEIAIA
202756
207980
212590
214740
4344
2483
AO
201541
205550
212582
220792
227480
IEUUA
217446
0
219586
224361
230716
234048
224
9791
236329
237464
244475
5497
IEAI
231411
IEAI
2700
IEI
0
3345
223176
224342
3345
AUIOII
A
177118
183426
189640
IE
171396
3838
174595
183085
2483
7812
184642
187299
IE
EUOOEEA
19572
16131
3838
4366
169074
16354
A
IEI
AUEE
40779
4508
116979
UUAUOEEE
104374
112996
EEIAIA
16955
90352
UOAOAAIEIE
28786
OIUU
18967
IIAAA
12264
21029
22151
17813
20333
28542
17813
IE
18678
18678
11985
12420
22350
28786
28981
32406
33300
42421
48093
8613
IE
44791
28542
UUAUOEEE
20154
12426
20333
33936
26897
UOAOAAIEIE
21232
30747
OIUU
26357
IIAAA
IEU
IEAI
9535
UUAUOEEE
20154
4350
17813
UUAUOEEE
4700
45754
UUAUOEEE
34190
UUAUOEEE
20333
5347
24018
12426
11643
UUAUOEEE
24341
14271
27203
17583
17726
22904
31590
UOAOAAIEIE
11766
19968
24774
27421
33180
36026
44801
50564
12426
55230
60373
65535
26897
3847
68386
71562
AIE
51525
61096
68981
28535
76889
34122
3847
85480
41285
93769
21503
97135
98938
A
85157
92518
99254
102934
30780
106893
28535
26671
112256
32962
36249
112418
32962
28535
24018
26671
A
119197
128240
30780
129495
138476
3847
27187
IEU
110738
AIE
UUAUOEEE
40870
76321
27187
78896
87743
97192
98427
IEU
88827
93092
3847
IEAI
84411
AUEE
64703
40870
72902
AUEE
IEUUA
63624
70716
79200
40870
83181
90931
41285
98892
108598
112162
10382
43383
AAEOIUE
AIE
48746
76214
29603
79606
79660
30780
84651
88711
89465
EEIAIA
IAIIEUO
69733
AIE
EEIAIA
82442
57566
63243
64231
12082
31129
47464
82442
68137
71286
73605
75134
75953
80301
88064
82442
34122
91165
29603
92355
31129
100078
101576
42740
31129
26212
104133
110789
AO
94338
56155
12082
43383
IEI
70487
77616
77721
78380
86314
95384
100234
43383
AO
34122
83985
91564
100098
100769
29012
39332
IE
89519
94088
94519
94754
96070
96400
102227
105729
IEU
92678
74829
IIAAA
62473
70903
EUOOEEA
72772
74829
40799
59633
51835
74829
74251
78708
33448
49402
85717
95688
104463
IAIIEUO
89343
50831
51835
99321
35190
106658
IAIIEUO
97459
59633
74829
34594
105334
62473
AUIOII
102074
110634
40799
116884
123287
37903
74829
42475
127122
35190
133392
134201
37903
139441
145318
17493
146629
153842
162916
OOA
54205
152243
152489
83167
AIE
EEIAIA
102718
AUEE
35190
49402
94994
100584
105655
111739
115873
35025
120844
55225
49402
35190
127369
49781
70064
66542
14386
133841
142634
144594
144742
145825
151073
70064
26503
63010
157265
158856
35025
37903
166538
A
14386
151969
74829
57665
51912
154030
158372
167042
IIAAA
160767
IEU
AUEE
107848
AUEE
55225
116273
41031
124742
134027
AUIOII
47475
73755
114899
121230
47475
UOAOAAIEIE
AUEE
92854
94820
101512
82665
104363
IEI
IEI
57665
82665
83634
58208
IEU
84161
90379
82665
45115
94008
AIE
54177
41882
87069
90496
99038
103156
57185
104677
34086
107095
112163
87095
120195
126815
AIE
82665
131869
54177
139849
142969
152823
EUOOEEA
151152
153661
IIAAA
35025
IIAAA
144747
100243
100243
150096
82665
155883
59726
100243
54153
159690
95723
161717
95723
87425
167544
169764
170549
171999
95723
175099
176026
59726
179676
34086
AO
156368
IEUUA
85372
143564
150287
150875
152796
IAIIEUO
38774
155235
57631
UUAUOEEE
88056
158911
UUAUOEEE
158572
160850
56983
109528
102054
163405
171366
AO
162651
35025
167189
167527
171069
57631
180146
49500
35025
186945
190376
84516
56983
38774
OOA
54153
170149
179668
182101
183403
186120
189896
35025
88634
56983
OOA
191488
192083
88799
196917
88799
IIAAA
177555
89391
179635
EEIAIA
109528
48578
62792
34086
62792
156008
OOA
142777
OIUU
127983
129985
OOA
117706
A
62133
71767
IEUUA
72993
73389
82209
IAIIEUO
89561
57860
59230
IEUUA
57961
58573
AUIOII
64447
52072
65761
33880
37867
41210
42794
UOAOAAIEIE
38115
38590
121890
41001
41612
124482
49597
54290
62854
67389
76848
79516
86201
90356
124482
92474
A
92632
80943
IEAI
100324
65767
80599
84206
86579
94237
98442
103537
103609
82909
111396
IAIIEUO
83582
106586
A
72191
86717
75947
124482
93429
101960
107308
112350
70237
114168
A
113041
90176
90176
84493
124482
90176
116886
93756
84493
75947
117226
81661
121878
90176
IEU
124482
101352
75947
96561
106245
112558
113212
IEAI
101989
105240
UOAOAAIEIE
88428
121890
97695
98732
106890
115327
121890
123520
84493
OIUU
EUOOEEA
81665
87835
89399
76842
61402
93574
77286
UOAOAAIEIE
76469
90176
105804
72126
79335
84535
81661
89109
93394
100440
72126
UUAUOEEE
40908
126855
75806
80295
84094
89998
93477
99321
78759
84493
81494
90515
103125
99321
107151
121890
116691
AUIOII
103336
103336
103336
116891
128555
121212
81448
OIUU
102274
104952
109569
113537
116080
40908
135013
81661
122885
126410
135768
125297
IE
90176
A
85733
89687
87711
101577
104609
108935
111491
96901
117282
125297
118973
119148
78759
124034
133216
142028
148517
135013
82224
156062
158936
78759
163202
58811
171308
84493
176365
185346
195323
89687
110948
199264
206830
211597
219048
224467
224973
90176
EUOOEEA
217220
224705
70669
82224
228985
114956
233039
242210
243997
249284
255596
89687
58811
257785
265450
273354
281295
285493
121890
291803
125297
299495
307252
316879
135013
318708
85733
125297
89687
322460
330840
78759
106528
58811
335166
135013
46647
IIAAA
332475
336531
340860
78759
343223
89687
353055
46647
353638
110948
78759
UOAOAAIEIE
A
337174
110948
58811
70669
347122
351668
IEAI
350982
358055
118725
IEAI
362887
OOA
112488
346265
352397
87036
OOA
70669
88667
88407
357381
359836
367346
A
363566
369823
88667
93829
375517
378558
110948
46647
386875
390468
396801
121387
A
396131
405603
411754
94251
418772
427178
428784
95004
432213
440840
447689
IEU
95004
IEU
421829
423380
428593
433325
443126
91362
448292
96385
91362
453251
IEU
458414
46647
464975
466694
128083
470076
472462
473166
IIAAA
458426
463074
116345
91362
466772
474649
474980
94251
105021
91362
481097
484073
139723
484819
128083
89687
IAIIEUO
482348
486471
487133
493944
AUEE
128083
488374
495270
87711
500510
509123
512324
519114
525388
528560
533150
536654
UOAOAAIEIE
89773
46647
540515
IAIIEUO
UUAUOEEE
87711
105197
516369
95004
516384
123890
128083
517623
132060
519965
96513
525087
528928
536014
541990
87711
IIAAA
123890
80742
105330
132060
520945
OIUU
511376
OOA
500209
501230
508289
56624
510616
95162
152993
515798
516812
129811
516978
522554
529090
532786
127944
132060
IAIIEUO
532321
540987
549503
89687
554065
94251
107780
560130
81661
561483
564452
566506
EEIAIA
547101
112682
549870
AO
56624
115176
537244
542240
137700
89687
543320
544341
552830
557224
558106
558649
563254
131490
572884
AIE
AIE
90358
110582
552470
558442
560959
563983
571882
572590
110582
AIE
573258
576025
580121
90358
80742
584104
584560
131490
587430
596344
UOAOAAIEIE
135609
AUIOII
572963
575963
576325
89687
AAEOIUE
131490
AAEOIUE
576507
581433
584569
588878
118962
132060
594627
137972
112682
597782
600392
112682
137700
610001
IIAAA
IAIIEUO
113855
598342
606769
157322
118962
118631
608264
157322
78890
608659
609887
131490
AAEOIUE
588741
596229
601333
90358
118962
610379
131490
132060
619418
IAIIEUO
617493
IEAI
602289
605828
107630
UUAUOEEE
115176
122003
IEI
562405
565422
575120
580498
IEI
IIAAA
572618
123177
579716
584057
137972
123177
123260
587197
125596
596460
125596
598851
IEI
IEI
573401
125596
125596
583055
583902
IAIIEUO
123177
107144
581799
587946
589171
595278
602131
603765
123177
611466
148310
104019
93061
612452
614398
622368
137972
EUOOEEA
605358
607570
AIE
605540
117795
607836
616468
623517
631950
637513
646279
651863
124216
657294
AO
UOAOAAIEIE
634104
642443
EUOOEEA
IEAI
136656
131052
620569
622430
627384
632120
123029
123177
123177
641525
644932
645471
AUIOII
IAIIEUO
132093
169514
624160
628095
635147
635838
644449
646450
652147
659701
AUEE
643378
643951
652463
AIE
629716
169514
90408
637335
73853
IAIIEUO
625894
631527
133471
135265
IEAI
622575
125371
151958
630050
630298
635421
637077
644253
154337
645988
135265
90408
648321
151958
654781
IUIAAIIAEU
634739
642860
151958
AAEOIUE
639100
645896
133709
AO
633996
638659
UOAOAAIEIE
EUOOEEA
IEI
143923
99945
95961
137972
604347
604362
612516
IEAI
593432
596853
597718
602773
606403
A
100827
136478
140101
163367
584364
588509
131436
591810
596975
A
596307
596605
80154
UOAOAAIEIE
570927
580805
586107
591498
597275
IIAAA
571645
139192
96504
578431
579973
AAEOIUE
176573
165571
145902
144866
583420
145902
131436
585437
OIUU
570422
571942
576827
578530
584973
593587
145902
595489
AUEE
145902
575170
577855
578621
145902
582543
165571
103827
95865
587614
592498
145392
165571
146440
601901
608880
612246
612626
619149
167282
626011
164531
150845
634334
637592
150845
645925
131436
651924
AIE
150845
150239
629959
122995
95865
633078
IEI
628878
634957
640022
647075
647808
145392
UUAUOEEE
646087
650053
145392
652348
655625
IEUUA
639641
IIAAA
164531
618710
OOA
95865
AUEE
148530
600990
607374
170821
617352
201061
623602
175809
IAIIEUO
162212
151401
598287
598549
146680
EEIAIA
146680
151401
587013
588149
588574
186271
589516
106615
169398
AUEE
IAIIEUO
OOA
202695
146680
186271
551063
556813
153161
557089
162212
565958
575800
UOAOAAIEIE
117871
574735
582110
UOAOAAIEIE
584735
164554
185681
585921
IE
146680
IEI
535949
541784
543782
553387
555695
558237
558823
A
132931
558611
564182
AAEOIUE
554782
563353
567615
569632
574664
578796
169398
AO
189678
573467
156137
577502
189678
153161
586375
156137
591817
591860
146680
170844
597603
605493
607660
609766
164554
614044
AIE
AAEOIUE
199782
585815
595737
602183
187252
164554
164554
610278
610708
615348
620167
624509
132931
629031
632877
103724
641675
646727
IUIAAIIAEU
201065
640264
132931
641757
157296
642622
650813
IEU
640628
123994
132931
646481
652443
656542
212001
OIUU
645614
652411
655497
IEU
655880
158858
665774
132931
IEI
201065
653552
655336
662106
182207
670911
675834
678670
687559
187500
AIE
665680
114641
673340
189678
218461
679852
180552
A
666183
673669
680644
IEAI
121437
158858
181963
671957
IEAI
674710
677159
680009
683621
690494
106615
121437
696265
702599
704598
A
201065
169661
706797
715585
723915
AAEOIUE
121437
180552
168105
OIUU
UUAUOEEE
650138
652506
145920
132931
653458
655205
661808
665344
673079
145920
679115
219326
682930
132931
692419
AO
186352
AO
657863
662273
201065
AIE
645948
132931
647844
AUEE
176087
155214
187968
631979
AUEE
627339
632992
164554
638726
135096
IIAAA
614881
622107
135096
625098
UUAUOEEE
610081
173215
612740
182849
135096
191423
151859
OIUU
IEU
587470
OIUU
561207
IEAI
189902
IEAI
543865
176087
189902
AUEE
528962
538882
540982
548238
554890
563211
566025
205691
IEUUA
117935
541338
198297
550645
135096
551965
117935
210587
560493
178720
AUEE
159008
146550
552309
AO
547607
IIAAA
523753
UOAOAAIEIE
502746
177560
121010
IUIAAIIAEU
EEIAIA
213465
121010
477431
200420
481600
213465
487426
213465
213465
OOA
460274
464889
121010
182998
121010
472725
477905
UOAOAAIEIE
459098
461061
221636
243749
189984
UOAOAAIEIE
IEUUA
457812
458015
197085
155872
IUIAAIIAEU
456144
153182
189984
460380
466959
473127
478580
155872
486910
494111
500798
209218
509922
517822
522682
159008
OOA
493872
222626
222501
498056
A
210286
498181
499806
221612
508548
510535
515783
521041
528933
534507
539801
159008
223702
540431
197085
543612
189984
549042
558750
566900
569465
573850
575625
578815
183632
584968
159008
593501
602928
606745
195317
A
607326
A
153182
615119
196190
622584
210286
153182
210286
624370
183632
IEI
602298
607280
611538
620130
629371
130684
159008
AO
617945
229396
624518
627609
224698
IAIIEUO
615188
153182
618441
AIE
606187
613247
614362
223702
617646
159008
189984
207631
621289
233994
627789
246135
OIUU
612162
614027
619241
130684
233994
625091
628706
253621
631966
IEUUA
IAIIEUO
613551
233994
226742
622198
196190
630317
634158
639146
212830
189984
IAIIEUO
640189
642383
650490
653764
IUIAAIIAEU
AUEE
UOAOAAIEIE
IEAI
IEAI
192884
159008
OIUU
560687
IEAI
251438
194447
561745
OOA
206212
AIE
251438
541278
544547
IEUUA
529566
535811
540796
191653
542790
549552
555021
214142
194447
246334
560306
563879
572254
582114
218993
591669
594227
597402
167033
601963
608703
235492
IE
582257
586860
OIUU
576482
582634
IEU
251720
174710
568461
575780
251720
174710
582045
230278
589294
597496
251720
602263
161108
604695
218993
230278
605963
IEAI
606795
191653
611104
620033
621319
624166
625543
138727
UOAOAAIEIE
613046
618807
619776
201703
230278
175611
214142
622106
215541
220528
626805
634819
640858
642015
646088
217639
655918
662241
662529
665696
675226
680662
688220
UOAOAAIEIE
685155
215541
235492
687243
207423
691120
167033
235492
699659
709277
175611
714937
722362
728629
246334
729503
175611
249075
731531
IE
736923
743792
745353
749910
756369
272329
161108
757392
764258
765168
773004
776545
174710
272329
778524
246334
230038
252758
788364
214142
792844
215541
AO
220528
781967
205872
249075
784544
230038
220528
790880
IEI
775524
IEUUA
757699
UUAUOEEE
736900
235218
OOA
727791
728121
IEAI
246334
725530
IEAI
238367
IEAI
218538
706022
711923
246334
712257
722183
EEIAIA
707185
AIE
167033
249075
228004
223796
693140
IEU
196276
696470
228004
705281
711053
715186
IE
150166
230278
223796
IE
IUIAAIIAEU
UUAUOEEE
228004
677452
180455
230961
686709
688959
237989
IEI
223796
671778
IE
673734
682973
249075
223796
683481
230278
214772
685587
175566
258624
695510
IAIIEUO
682925
153356
230278
219030
684356
687745
692178
697377
703337
711929
717448
UOAOAAIEIE
OOA
687877
224140
223796
233369
696719
700201
707605
153356
180455
A
A
702966
711518
253635
153356
253635
720024
253635
A
AUEE
699873
196276
IEI
177255
OOA
665812
669100
235943
OOA
IIAAA
653602
IEAI
631890
631944
227350
636597
638813
647598
656563
206589
657949
663079
206589
IUIAAIIAEU
IUIAAIIAEU
260766
267311
184790
657563
IAIIEUO
650902
206589
651296
657835
256348
659434
206589
IAIIEUO
639299
236213
278146
640436
646804
227350
646880
653807
159206
284735
662590
665279
672746
677884
686845
689883
699140
237631
OOA
674073
681707
688285
695975
219030
IEUUA
682791
686988
690023
690800
695447
704717
245803
712948
714155
219030
UUAUOEEE
249632
714287
303520
718710
238771
A
238771
IE
263769
703140
707625
711989
717419
726996
731615
303520
277751
211381
EUOOEEA
219030
AIE
227350
218700
715761
219030
717243
191387
726627
732412
UUAUOEEE
714830
715899
717072
718630
303520
UUAUOEEE
707437
303520
283734
711273
237631
715631
721076
238771
229782
EEIAIA
253301
698111
IEAI
683888
691614
700296
OIUU
687536
690934
696994
265206
701260
237631
701503
264230
708489
714983
IUIAAIIAEU
688549
692838
701284
238771
287910
238771
705629
712145
712319
714351
AO
210650
287910
UOAOAAIEIE
690708
238771
264230
205416
690807
697557
699124
307685
227916
703497
171707
282060
709617
710847
719006
282060
282060
279922
727804
210650
264281
732771
733623
258737
736751
738089
739960
746776
IAIIEUO
746768
287910
747658
218700
756308
765527
285331
771436
307685
259873
772355
IAIIEUO
IEI
210650
279922
756737
237631
227916
227916
312914
259873
264230
237631
763860
EEIAIA
OIUU
IAIIEUO
291513
732096
739297
259611
741554
748018
274824
264281
259611
749881
287910
759014
763251
766018
766448
264281
770451
772458
773003
295620
782146
784713
IE
781120
790077
238771
791592
800155
803125
AIE
804697
806988
815738
815771
263152
269048
UOAOAAIEIE
795173
313952
206589
798907
279922
230163
807691
808048
AO
206589
230163
797613
803960
807331
IIAAA
802801
811861
EUOOEEA
786841
AIE
313952
291513
266260
784472
787644
790031
792364
799551
IIAAA
IEAI
777756
777771
281342
780456
297170
IAIIEUO
243967
761452
761485
768286
776002
286028
785448
789717
291513
OOA
313952
209973
789885
OOA
765473
767872
769405
773122
778354
261434
779348
780044
UOAOAAIEIE
770907
IAIIEUO
756025
763314
771388
230120
777073
779586
788627
IAIIEUO
294064
793898
230120
IEUUA
792764
802151
804339
248900
812442
818085
818496
821473
830339
262967
248900
235582
AIE
801009
804808
262967
805748
806990
811557
248900
812587
818152
IAIIEUO
233876
799689
808293
235582
AUEE
799929
UUAUOEEE
770564
IIAAA
779915
261434
UUAUOEEE
763680
287715
299763
302819
199432
764253
764481
286028
769517
770975
AUIOII
746107
248753
EUOOEEA
735224
740665
750335
753802
IAIIEUO
737445
743507
747748
IEAI
199432
745047
752323
758752
768218
328500
AUIOII
296530
760787
765995
775330
AUIOII
303790
774202
303790
775150
273468
219299
293264
775357
219299
291912
AUEE
OOA
312162
728797
304997
299763
730076
730112
739512
744724
233876
749323
AUIOII
732244
738314
743824
744875
754398
763846
763940
765050
767973
776275
267586
250235
274300
782527
784488
792312
796040
247773
804703
807909
234181
808142
814708
297054
823666
312162
297054
832833
834369
837931
AUIOII
841535
269068
842926
847705
288845
296530
849606
858891
299763
274300
219299
305622
862396
865396
250235
327993
873713
881502
274300
UUAUOEEE
UUAUOEEE
872212
881978
251807
269068
891418
892416
897190
898345
906167
913891
919346
299763
927520
928104
UUAUOEEE
305622
267586
293746
908526
313335
916825
923427
927991
251793
928378
304997
934104
943092
949624
UUAUOEEE
266640
305622
219299
247916
952518
251807
959258
968866
304997
970920
974855
984780
994693
999138
304997
1006999
1015934
UOAOAAIEIE
1002937
327993
1010661
205492
1012264
239661
248290
1021552
223565
267586
1027254
1035743
1038354
1046135
248290
239661
1052124
1052749
OIUU
1034951
IE
1017303
305240
298005
305240
1019303
223565
1027112
1035274
1037885
1041032
1049862
1053102
1061650
319829
1063281
1065783
299763
EUOOEEA
1068648
1073740
312608
1080886
1089404
1094756
1099671
1106008
EUOOEEA
242731
205492
205492
1110228
A
1108609
248290
296530
312608
1114133
1121659
248290
1125061
1127847
1135010
1143926
AO
308561
1122292
223565
1128873
223565
EUOOEEA
1125786
AUEE
1106200
1114940
244298
311944
1119383
1119622
1124810
311944
IUIAAIIAEU
1106300
1114151
298005
312333
1123640
1131242
327586
298005
1138830
312333
292714
312608
1139116
1141775
1148030
1153605
IEUUA
251807
251807
211612
1143335
1150543
1153021
1157000
230766
1165531
211612
292873
314865
292873
1166297
249628
302138
1167506
1175288
318956
1184855
1192910
249628
1194141
1195615
1198604
284551
1204042
IEU
1197808
1205659
1207184
1215053
330964
1217086
292873
1221061
1228639
1235232
1243801
1252157
1253531
1259592
1268683
249628
1273468
1280287
1282129
328500
1287285
250762
1291046
314865
250762
1298056
256044
IEU
1279889
300572
1284267
226529
1290413
1295061
300572
1299062
226529
318956
338378
1303334
A
1292174
318956
249628
A
1301134
309529
1302902
IIAAA
307115
1298822
1303517
318956
1305207
IUIAAIIAEU
311909
318599
IAIIEUO
1265295
1266177
318599
284551
A
1259440
1267620
UOAOAAIEIE
1270699
320926
1276313
249628
249628
1280987
320926
1282611
330025
1283891
1292875
284551
330025
1299786
IEUUA
331254
306135
EEIAIA
1270306
334068
1276184
334068
IUIAAIIAEU
AUEE
234185
304055
307472
311942
1250162
1252981
306135
295206
1259132
1268101
EEIAIA
1254430
253345
304055
UOAOAAIEIE
1241602
334068
IEUUA
1219547
IEUUA
1217495
1219547
313424
340686
1227474
1236064
1242783
338834
1251439
329060
304055
329060
290985
1259937
IAIIEUO
1250432
340686
246201
297719
1254284
1255328
1260193
1263386
EUOOEEA
1254015
312269
1256957
1260602
1262477
349722
1264047
1266975
1274442
294732
292001
346937
OIUU
IE
321533
331955
1226109
1233952
1243566
294732
1252663
1261019
292001
1267444
1272000
1276068
254285
304055
331955
1279205
1281609
1289460
341464
292001
1294992
1299239
1304909
336256
357130
304055
IE
1305117
IEUUA
1299381
1299545
IEI
1299202
1306741
IEI
1309114
335984
247659
1314341
1322797
IEI
1320789
336484
354717
1329766
1336097
1341482
OOA
1330355
309582
1338917
321533
1345757
335984
234881
357045
OOA
IEAI
1320694
357045
1322581
1329998
1335957
1336999
357703
OIUU
1320305
1323985
AUEE
1309400
308626
AUEE
1311744
329071
OOA
AUIOII
1277748
EUOOEEA
1267091
EUOOEEA
1262952
IEU
1260705
329278
367167
1263065
362197
260996
1265955
297511
1266173
327252
1272568
336484
234881
IAIIEUO
A
350125
IEI
331239
352354
1225552
336484
1233768
308720
330868
1234711
1237754
1247189
1247789
372628
1257743
242705
IEI
336664
336664
IEI
247659
1249162
373963
IE
1240353
330868
307733
247659
1243625
345559
1245997
1247764
AO
307733
1218298
346844
1218538
AO
323125
372628
1194836
IIAAA
EEIAIA
372628
1173919
1183297
1186694
371624
EEIAIA
281931
1187307
371624
1188811
1193591
307733
1195200
1203293
1209988
1212206
1220332
1224906
1228426
EEIAIA
336484
1230093
276755
346844
1234297
1240980
1247214
387215
IEAI
1241966
347812
1244349
1250370
1256205
330868
1264268
AUIOII
1247786
281931
330868
1249525
316032
1255537
AUIOII
1233118
276755
A
IEUUA
336484
OOA
1171045
1179504
1182736
339400
1185808
252995
1187112
276755
1187795
EEIAIA
1178100
371624
A
278358
1165430
1170781
1178817
1187086
272263
397128
1194871
262103
328722
1199345
1207965
272263
272263
1213123
EUOOEEA
AIE
1185099
1186594
1194073
1197119
309875
1199426
1206808
1216146
1218984
1228884
IUIAAIIAEU
1212446
332922
1215838
1222873
272263
1229919
408819
354568
259194
1233553
1237216
1244626
1254151
368755
1260654
323813
382323
1263871
OOA
278358
323813
323813
UUAUOEEE
1239989
1245930
348075
1246132
1252407
OOA
1239393
1240017
348075
1246305
1252050
357715
1255776
IEU
1230024
1239733
374801
1249656
1256782
1260530
UUAUOEEE
294651
1251103
1252806
284021
293031
1259385
382323
347851
UUAUOEEE
1260436
1267991
1271207
UOAOAAIEIE
266509
348865
408819
OIUU
IEI
1223435
1231521
1240786
368755
398003
271258
271258
1249305
1252897
1259481
1260383
357715
EUOOEEA
266509
EUOOEEA
1259581
1267297
EUOOEEA
1273455
IIAAA
304993
336771
1274246
1275666
1282367
382323
A
323234
300846
1261196
398003
1264266
1264707
1268922
284021
398003
1273414
348075
OIUU
398003
1273220
1277384
1285548
336771
1288160
1293633
1298689
1304502
1312839
284021
1313531
OOA
OOA
1271460
332797
1273607
1277669
1282493
336771
1284029
1291311
1298094
EEIAIA
1285863
1288585
331085
EEIAIA
1296838
284021
1300288
IIAAA
1291008
1297507
1299722
357715
EUOOEEA
1284109
382387
279998
385897
1289318
284021
318015
354677
1290526
284021
354061
1299555
1308807
1318152
369964
IEU
385897
1310066
1318261
1322187
1332055
AO
360115
1330090
382387
1333146
347780
1335557
IEU
1324012
1330156
358946
340085
1339878
1342836
344831
422608
AAEOIUE
347780
1342680
286932
1350048
1359678
1360243
1365479
UUAUOEEE
1351069
364445
291599
1357787
1365719
392490
EEIAIA
344831
278031
318015
1358612
1361149
348623
318015
AUIOII
AIE
IIAAA
1337028
392490
EEIAIA
1317555
1320275
IEI
1304122
1307711
1317037
1323272
IEI
1320447
1328045
AUEE
1304843
1312859
422080
1321659
IAIIEUO
344780
1313790
1319623
285133
1322300
IAIIEUO
1324484
431650
344831
1325451
1335243
1336415
1338793
UUAUOEEE
A
404086
354240
1307115
1315742
1324390
367486
AUEE
1303194
1305327
1308837
EUOOEEA
1292718
333487
295600
1300104
346392
1306465
A
285133
367781
1297611
377790
364387
360327
1299598
431650
360327
295600
377790
1304901
1310909
1313380
1313626
423704
431650
1317019
1324212
1327039
AAEOIUE
413511
1316016
1319399
367381
346392
333984
1321824
1330478
1337235
375708
1344757
IEU
357059
432202
387212
OIUU
1328571
367486
1336711
285133
1339737
1344734
1354112
1363199
1368443
1375230
1381203
AIE
IEI
404086
1351956
360327
380325
1354383
432360
AAEOIUE
1342269
1347186
288940
387212
1350049
283909
305061
1358225
1360291
1362048
363230
367580
1368078
358934
380573
338536
1374966
374073
1378417
380573
1387671
413511
367381
374073
358934
UOAOAAIEIE
IEAI
1356996
1362735
367381
1368058
1374088
380325
288940
397380
IE
AO
A
295412
401161
1336231
A
385857
AUEE
1315931
408559
438930
1316163
381233
360173
1316610
1320601
1327205
1337016
291760
1345956
1352203
AUEE
1357616
408559
1362245
381233
IEAI
AAEOIUE
1344559
1352697
1357676
1365811
1370977
381233
295576
IAIIEUO
1354369
374073
1358180
IAIIEUO
354531
AO
1309627
1315018
1323533
324430
369424
412815
1333301
387212
1337782
1345247
1347988
1349188
1349727
EEIAIA
IIAAA
372664
388155
1315205
1322655
1332549
1341916
384913
369424
374821
UOAOAAIEIE
1336316
443044
421031
426034
377602
1339839
388155
371512
381173
369941
1342684
1351231
439822
1355436
340824
397482
326790
1362020
1363318
1372783
381173
IIAAA
1363383
1364296
298091
1369105
1377957
1385399
1387096
1391200
1395823
1403442
396486
1407019
1413412
369424
1420908
394867
AAEOIUE
298091
1413245
1418107
397482
1418596
1422170
1425195
374291
372664
1431367
1439342
443044
1439395
1448600
381173
1455380
1460553
421031
1462405
1469281
1478124
IUIAAIIAEU
1472785
1481059
443044
396486
1488870
384268
1494260
384268
1495779
AUEE
1482662
UUAUOEEE
1469215
396486
1475764
1485605
313541
1492224
374291
1500825
IEUUA
303516
1495129
426034
303516
382940
382915
IEUUA
UUAUOEEE
1467334
1469607
1470658
1479240
350329
1482919
AAEOIUE
371512
382940
313096
1474656
1481935
1487856
426034
426034
IAIIEUO
384788
1483483
1493277
AUIOII
1492781
374291
421031
A
1497814
1501638
1502492
1505614
1512392
IAIIEUO
1505913
1507638
1514635
1517936
1521993
313096
400267
1528245
1537862
400267
EEIAIA
1523043
338394
1524872
AO
1507068
1513376
384022
IE
443427
IE
1497109
377160
1501581
1509740
IAIIEUO
1486363
1491774
1492581
384788
EUOOEEA
AUEE
1457249
1457315
456831
1464882
421031
450710
AUIOII
1450103
1453451
382940
382940
384788
415031
1461984
398099
1464910
1464952
392253
1466113
IE
1440934
1442150
1448514
1455680
EUOOEEA
415031
384788
384542
1433261
402711
1435459
398723
1441090
1444665
1444890
1452090
405629
1452968
1453347
1456547
AAEOIUE
334567
398723
1454559
IEUUA
1445283
1448073
1448770
UUAUOEEE
1453818
1462408
1471199
463113
1480944
1482266
405629
UOAOAAIEIE
1467815
1468401
382940
1469084
1474149
382940
415031
403389
450697
387228
333689
384788
IUIAAIIAEU
384788
459159
387228
408015
459159
391026
1453313
1458640
1461591
OIUU
A
390820
342595
1437998
A
358793
1439276
391121
463113
349538
1441680
1450686
1459205
OIUU
IAIIEUO
IIAAA
1388447
1389006
UUAUOEEE
459679
1378654
395336
390820
1381737
1388719
475769
UUAUOEEE
1377649
475769
414033
1386891
414033
AAEOIUE
411085
1386573
386356
1387082
1390925
421031
467584
1393573
1400477
414694
411085
1410395
1417128
IEI
IEI
395336
404740
403389
1412867
366185
IEI
1412547
1417726
1420478
IEU
IEUUA
IEUUA
1395309
1403705
1405350
416755
1412173
1418358
EEIAIA
477984
1396870
1401678
AUEE
418948
1381823
1382443
403389
1391923
400589
IUIAAIIAEU
406023
400589
1381958
IE
EEIAIA
1366173
370690
1373623
1381803
1383693
419811
1390887
OIUU
376053
A
1371292
1377378
481910
357140
1379772
382550
1386854
1395734
1395748
AO
1392401
1395560
1401185
1404378
1409479
406023
EUOOEEA
1396635
1403716
486032
1412063
1418306
370690
1426492
481910
1432204
1432271
406023
1435950
1439767
1440460
424063
1441552
1446901
409144
405514
486032
430941
1454839
370690
1456798
1457646
1458385
1460320
1466207
411085
IEUUA
1457298
391524
369476
1462945
1470977
370690
IEAI
475693
AUIOII
IEAI
1429415
1435588
1438061
1440638
481910
449904
1445428
391524
1451312
1455885
1462818
AUIOII
EEIAIA
1429422
1437589
1445942
1448425
414240
AAEOIUE
IE
1443477
1448029
424063
459771
423075
1451398
459771
1459400
1463194
1470866
372339
399493
IUIAAIIAEU
459771
1450960
380510
UUAUOEEE
423361
1425169
1429148
1430615
1439069
405854
487017
1445303
1448629
487017
IEUUA
1436837
1442170
405854
423361
1442440
382461
1445810
1451629
1456892
AIE
1453506
1455844
OOA
411701
423361
1455558
467157
1462316
443059
OIUU
OIUU
1448469
AAEOIUE
1440142
1440410
UUAUOEEE
1446827
1452679
415712
382907
1455087
1463957
IEI
1450886
IIAAA
1430853
IEAI
1423429
432456
475693
1428025
IEUUA
1407031
409493
1411948
405622
1421575
1430970
383811
1436819
1438932
490638
479918
1441810
1446034
443059
444708
1451200
412098
1458247
1467001
1469492
423768
1479039
1486167
382907
AUIOII
414240
1490430
1500179
1504729
1509606
1513205
1514471
IEAI
446593
1503131
1507590
444708
411701
1508321
497642
1511332
412098
1513066
492320
484074
1521044
OOA
444708
411701
EUOOEEA
1476398
429229
492320
412098
IIAAA
423040
1456122
1462213
1466811
1466842
423040
430520
1467732
444708
1475134
AUEE
445155
1465851
388646
1468454
EUOOEEA
1461606
AO
1447881
393260
OOA
423803
IUIAAIIAEU
1415532
IEI
1398777
1400624
1402106
UUAUOEEE
464546
AO
450871
1357784
IEU
1344260
399986
IAIIEUO
445912
1322296
AAEOIUE
446593
1301343
416501
1309025
472895
406575
IEI
1299133
1302849
1309425
1311496
399986
416501
1314341
506711
1323887
482761
1331178
1340590
IEAI
1320883
OIUU
1299763
IEAI
1296776
1301183
445625
1306904
UUAUOEEE
1305469
406846
IIAAA
450871
415692
1290978
1296244
450871
1299842
1304980
406846
IUIAAIIAEU
524500
506711
AUIOII
IAIIEUO
1262768
406846
1264848
1266547
415692
IAIIEUO
1265777
531354
1269784
1275190
1278524
1280795
IIAAA
523146
1264932
455436
1274030
AO
IAIIEUO
1250134
418564
1253345
452405
1255514
IEU
1248180
415692
463832
1248893
463526
1249693
443320
1255533
523146
1261235
1265968
IEU
A
455436
EUOOEEA
1245678
UOAOAAIEIE
AIE
IEUUA
1201824
1204330
1204710
450871
AO
420422
1184681
1185177
525419
525419
1189453
1198059
521053
1201389
1201574
EUOOEEA
463832
1198960
1208108
461357
1211839
1221447
1226261
1226706
1229723
1233962
442678
421497
1242996
1247724
420422
426638
463526
428334
563101
1252756
420422
IAIIEUO
1241676
521053
IAIIEUO
1240144
421497
411524
1243872
484461
1245910
568633
IE
OIUU
1218239
1223381
1229718
1237314
1238625
1247066
1252396
440942
465835
1256348
1264006
1273694
1282265
440942
OOA
1253081
1259216
1266104
1269282
420422
521053
440942
1278455
AO
470140
1262929
1264197
IAIIEUO
447260
1249159
482372
EEIAIA
482372
592065
1228640
487387
518707
1233364
1241382
475640
411524
470140
1249735
1253869
1260934
529885
433875
AO
1242804
1243428
1244187
462116
1254072
1263857
411524
523476
UUAUOEEE
1243977
469516
1249636
1257704
529885
1266802
420422
1271588
436230
502989
1278427
OIUU
523476
IIAAA
470199
437678
1243886
450211
453887
1246284
1249430
463438
IIAAA
IAIIEUO
1230034
IAIIEUO
1235668
1241530
1245736
502989
1254501
479146
1258637
502989
IAIIEUO
1264437
1267129
AIE
1265279
1265630
437592
1274926
1280711
464721
492207
1286212
1295043
1300727
523476
479146
1301830
492207
1309197
502989
AUEE
414607
1286808
OIUU
1291319
1294292
IEUUA
1286900
EEIAIA
523476
468564
IIAAA
1257684
1260525
IIAAA
1255416
468564
537343
IAIIEUO
440231
495425
1229883
IAIIEUO
IAIIEUO
514532
1225884
1226069
470199
615810
1232754
1233082
443055
485969
1239796
1246109
1247506
1255694
1256640
470199
1258443
IIAAA
468564
AUEE
474293
EUOOEEA
1212036
IEI
617360
1207855
445772
1210460
1212379
1213511
1222178
1224138
EEIAIA
468564
1211010
1218172
IEAI
477486
1216865
1218502
AAEOIUE
619527
495425
475299
445772
509207
1205035
423605
IUIAAIIAEU
1188910
544424
1194595
1195032
1197777
1200880
450263
1209864
IEI
451002
1188821
1194962
1200342
1207008
1209833
1217443
452694
485491
1224220
1232426
1234918
1237541
1245114
1247561
1256514
1264476
1270487
495425
IEI
1278561
1284153
551708
445772
1289718
1291022
496585
1299109
551708
1308431
453034
452694
539922
453034
1310457
OOA
UUAUOEEE
1297086
514532
1303542
485491
498091
1309705
1315568
1319559
1327207
AAEOIUE
1320464
451002
1324434
545569
1326685
OOA
451002
1321519
498091
OIUU
481451
UUAUOEEE
464610
545569
1272066
423605
1281131
423605
519333
456229
1283022
522885
1285677
623344
1287641
IUIAAIIAEU
IAIIEUO
1234282
1242830
575670
459207
1247137
1253227
OOA
575940
1246427
1252769
545569
1256504
487311
503879
575940
479735
1259738
1265091
1274278
1283419
496585
1289722
1298183
1306212
1310710
1317450
IAIIEUO
1292466
1293084
EEIAIA
1283298
IEI
UOAOAAIEIE
1238915
584795
470429
1248087
1253784
1258796
UOAOAAIEIE
OIUU
486817
459207
1228176
1228537
524921
1236014
477127
1240032
528148
1241512
1247126
506969
1248807
477127
1253133
477127
524921
OIUU
1247386
1251095
517730
451227
1258424
1261393
IEU
IUIAAIIAEU
514626
469706
558246
506969
1225556
1228186
1229741
AIE
561545
1218644
1223554
636108
453567
561545
1229022
532859
532607
561545
1233674
1238344
AO
432743
469706
514626
1228067
521329
480048
1236109
AAEOIUE
1220301
538073
1227041
1227360
538950
1228094
1236225
505412
1240890
1246771
1247110
496065
AO
IEI
505412
1210565
589439
1219610
513706
636108
1227262
IAIIEUO
1218547
1222046
1228508
480079
499470
464563
1231284
AUEE
496065
1214673
1218131
1227427
591654
485156
540797
485156
591654
1231310
1238521
1248188
1252215
514626
OOA
485156
EEIAIA
UOAOAAIEIE
1223738
518113
518113
435588
1223889
482014
1230325
IEU
489706
1222943
1222983
1226590
1234228
1241010
1250382
IEU
1250236
EEIAIA
1244820
510550
1245407
645654
1250978
435588
458413
1252910
1257617
IEAI
1249986
1255964
504649
1261777
1266062
1266199
1272061
1280013
IIAAA
1271204
473975
510768
IE
1264000
1264315
526595
458413
591654
1271704
IEU
1264736
554115
1268810
485348
OIUU
499235
499235
A
1241316
1249121
523091
1253567
591654
591654
435588
1259477
1263655
546268
483026
1268828
1270084
1274358
1284101
575658
504649
523091
1293897
483026
529600
1297098
1297648
435588
AO
511231
1277404
OOA
UOAOAAIEIE
1249842
1251845
557846
1256592
AIE
OOA
1239507
590314
550949
1243546
1244820
594671
499235
1253353
483026
OOA
1242829
523091
645654
443531
645654
1246095
1253565
1262216
1271581
1276372
IEUUA
1253177
1262053
1270352
IEAI
IAIIEUO
1229928
1236680
1238852
1247225
1249561
1251133
1253891
1260111
541336
1263799
1272152
1279510
1282441
1290279
521409
1293496
1295875
1297487
1300619
1305113
1305591
1308126
1308831
456990
1317997
IEUUA
UOAOAAIEIE
1296130
521336
483026
1300134
485348
460168
IE
1273492
1278121
A
555673
A
1260458
1261378
1268703
521409
1274540
1278979
1282003
UOAOAAIEIE
653853
585346
556251
1259404
1261158
AAEOIUE
532702
1241522
464302
497261
464302
603844
497261
1245439
1247211
523724
556251
653853
1249844
1252048
521409
555673
603844
IEI
566417
1243972
1252397
1253075
IEI
1255567
519700
1256283
1262868
1269213
1270251
1271999
1281042
1283255
IEAI
1272100
A
535656
EEIAIA
1232522
590314
1236998
1246208
1247226
592727
1249623
1249751
592727
1259107
514229
489300
538181
A
1249206
661483
1256429
A
1257048
1260201
661483
1266393
1270573
522846
1272429
661483
IUIAAIIAEU
517759
521409
1265160
EEIAIA
UUAUOEEE
527519
1235461
IUIAAIIAEU
535656
1228155
1232259
592912
524758
485867
485867
OIUU
527722
612245
512667
EEIAIA
572202
1196126
1198874
1205954
AUEE
1197951
1202059
535656
1209222
501698
509864
OOA
AAEOIUE
529539
1168809
AAEOIUE
533407
1168756
576708
1177236
1182534
514304
IIAAA
514304
1179573
576708
521387
501217
IAIIEUO
1169176
1177692
572202
1186553
514304
1192481
A
1185632
501217
1194017
1196214
1205072
522846
OIUU
1186915
1191317
OOA
IEUUA
1171127
541369
1180061
EEIAIA
1166405
1172806
529539
612682
UUAUOEEE
522846
UUAUOEEE
1149214
1158300
1167182
1169491
1170423
1179865
480926
1183342
529539
586030
1191525
1194058
1199966
539095
1208197
543356
1217415
IEUUA
1210793
508790
1214689
1219102
1220160
1220853
EEIAIA
1215869
529539
IAIIEUO
679451
1205981
543356
UOAOAAIEIE
1179759
604235
593563
1186528
618409
1193214
EEIAIA
538284
AUEE
554096
1170107
OIUU
1168243
1169845
1175282
543356
538834
1179798
554502
1189785
544618
488574
IAIIEUO
1171037
1175085
544618
554096
554096
543356
1184227
AUIOII
EEIAIA
581267
1162976
1166464
AIE
1137297
1146548
581267
UUAUOEEE
511048
1136479
IUIAAIIAEU
1124773
1126708
623762
548683
529690
1130131
519491
606933
IEUUA
1126196
550315
IEAI
548683
1128729
EUOOEEA
1128712
1135032
1140679
1145600
IUIAAIIAEU
1121007
548683
550315
1121083
1127422
691179
1129598
548683
IEU
561425
IUIAAIIAEU
AUEE
1095207
1100929
AUIOII
1098525
IUIAAIIAEU
529690
1084342
1091994
IUIAAIIAEU
552178
1090067
1096816
1101379
562159
1108133
1116959
1121420
AO
EEIAIA
1083021
EEIAIA
1074322
548483
534247
IE
552178
626231
1072137
508932
1073430
1079201
1080684
1088342
548483
1089998
1097879
1100042
EEIAIA
EEIAIA
1081227
1089811
536775
1089887
1097106
1102953
1110192
554849
1112628
617706
1120464
1127328
1134337
534247
534247
537579
1134372
626231
1136012
534247
552178
617706
UOAOAAIEIE
617706
1118778
552178
1126751
1130616
554849
1140502
1144786
1146568
1148076
1148605
1150786
1157552
1160941
548483
1165493
703544
1170622
AUEE
1147520
517646
598660
1156139
1162092
1171963
616446
588919
1176253
1180148
548483
1183655
548483
1184398
1190502
537579
1196552
616446
EEIAIA
1179785
1181505
617706
UOAOAAIEIE
1166084
1167141
1176084
537095
537095
537579
1179809
1188624
1196274
1201861
562074
537579
IUIAAIIAEU
560711
604638
1195189
1199441
1208375
1213982
IEUUA
548483
560964
1198133
560711
1200751
1207839
569463
1211523
IEUUA
1193915
660468
616446
541757
1198952
1202779
1207678
1213654
1218706
588372
554393
616446
1219657
AO
UUAUOEEE
1170093
565176
1175692
617843
1178099
OOA
553198
1173448
IE
1152018
UUAUOEEE
1126605
1135803
IUIAAIIAEU
1136392
1141186
554903
1147388
1153241
568434
662471
613289
AO
1150939
1160376
1161577
554903
1168292
1172659
555370
OIUU
1169060
1170529
603041
1173299
569463
1179157
616996
1182599
1186032
IEAI
551835
603041
1173448
551835
1175355
1179952
563723
1180785
634542
1181909
1185208
IUIAAIIAEU
559655
1174648
1175811
554903
665402
1180909
IEU
1177003
AUIOII
607654
654467
1160102
1168824
665402
1170293
UOAOAAIEIE
1157652
1164520
627369
A
536761
1164636
665402
537095
AUEE
1156569
1159842
638989
1168093
1172215
576821
1178291
1179881
642592
EEIAIA
642592
IEUUA
IEI
721960
1144891
1153327
575633
A
578634
1142528
1146146
1154500
1156905
IE
1144069
610678
1148770
IEAI
1122553
AO
651504
565545
1117032
1119348
1123403
1127415
IE
1114402
642474
638989
IEAI
1090716
1096352
1100466
627253
1106990
1116704
1124392
577526
1125629
646548
AIE
612534
1125695
1126704
586011
1132498
IAIIEUO
1117541
1121731
567837
586011
IUIAAIIAEU
1116183
643287
1124676
1126280
617768
673827
577526
1127340
1135524
AIE
539492
1115500
1124696
1134424
1143457
1152725
1153228
1163136
580136
589078
1169723
595502
IEU
AAEOIUE
1135555
655608
567837
1140815
1150485
649554
1159731
567837
595502
545747
1163993
1167571
578634
660664
655608
567837
1174555
1184482
1187368
1195200
EUOOEEA
737583
675297
1189234
655608
1197093
586006
586006
545574
1201646
1208564
1210179
545574
1214291
1218504
IAIIEUO
1209633
617768
1215628
1222393
1226807
1235895
1237655
1246129
675297
1254071
1262343
545574
1265501
600032
563686
589078
IAIIEUO
1267424
741730
1273951
1277056
IEI
562695
589078
655608
562695
1272079
1279125
1283285
627253
1293147
1293803
649554
1296621
1300046
1302016
AUIOII
745078
1280158
1289572
1292896
1295659
1300104
1308769
562695
562695
1315074
1325046
1326735
580324
1328878
612534
1338678
1347010
586006
586006
1348772
589750
570087
1350415
1354993
578634
1356840
1364559
1372447
1376675
AUIOII
1373432
1382261
1385024
IIAAA
1379852
660664
1381085
1384349
579151
IIAAA
IEU
580324
1376935
600032
1382333
1386986
IEU
1386403
OOA
629562
579151
AIE
1369508
591914
1375736
1381798
655608
745078
629562
1388962
629562
589078
1390758
EEIAIA
AUIOII
1360838
1370450
591913
1380229
612534
1388694
591914
575152
593227
670106
1393274
591913
617768
1401302
1404927
1407308
1414934
IAIIEUO
1394886
586817
612534
1399977
IEUUA
1386226
589078
589078
1387791
611854
558408
IIAAA
1375318
OIUU
591914
1365204
1366568
589078
684231
1367828
1374940
1381380
591914
684231
617768
661045
A
574135
703254
567479
1369514
1372351
IE
588419
AIE
IAIIEUO
590136
1305523
612534
649554
AO
1291305
AUIOII
623019
595827
703254
1286545
AUIOII
764515
1286940
1296309
1305872
684231
675027
649554
AO
1298804
625291
1301924
675027
1306387
1306838
IEAI
1291200
1294640
590136
609945
AAEOIUE
1296802
764515
1298592
1299656
1307244
590136
609945
704547
1309377
596071
1318223
1320353
1327343
1334652
1337664
1338926
1339837
595827
AAEOIUE
1342636
684231
1343268
1350360
625291
1351407
1356698
581274
1359324
581274
1362908
645152
IEI
1357934
1361573
661978
1364282
1374256
602599
1379975
627012
UOAOAAIEIE
594090
1353777
612108
1356224
1365093
1369818
1370725
IIAAA
1357482
1365917
1372972
AUEE
621118
EUOOEEA
1355784
OOA
1337079
1346838
1351074
678847
627012
IEUUA
1344749
678847
1351574
593227
594636
597000
1351981
IAIIEUO
605191
605191
1335160
IEUUA
1332936
IEU
1327021
588528
661978
1332635
A
1320456
1320999
605826
588528
1322957
AO
626799
605826
1314768
1319110
1324029
OIUU
610108
AAEOIUE
1290267
1299365
772024
698961
IEU
691889
1298536
588528
588528
1300380
1302418
620479
1309457
1310092
IEU
IIAAA
637011
1309008
598361
661978
588528
1311145
UOAOAAIEIE
1291756
617955
1295931
UOAOAAIEIE
607800
778294
598356
1293110
1301345
1309393
617758
1312652
1322074
1327050
607800
1328073
1329486
1338963
IEUUA
1321823
1328069
700192
661978
1337118
1338130
1339740
1340452
635659
1341266
AO
IEI
1290927
1298962
1302813
642987
1311155
664495
1312114
IUIAAIIAEU
664495
1302697
1307467
1310231
IIAAA
1296652
AUIOII
UOAOAAIEIE
698961
632429
1270359
1279707
1289572
1299433
1303673
IEU
612852
1276705
703182
703182
IAIIEUO
667937
698961
644310
1258762
IE
1242851
1243953
640977
696058
1246283
640977
637383
1255273
UOAOAAIEIE
661978
1248968
1252455
669100
1254056
1260856
618641
IEU
637423
1251978
1258370
1259513
1268196
661978
IEI
786659
605826
1269099
IEI
786659
1253036
IEI
1257510
A
786659
AUEE
1246773
AO
1244539
IEUUA
1234284
1240751
1241141
1242917
669100
1252513
722183
669100
1256760
657425
1265588
611902
1274859
1284190
661978
1289876
637383
722183
1292827
1293104
IUIAAIIAEU
1279824
1284322
1288687
AUIOII
IIAAA
1250125
1250354
1251418
602024
1260236
1261499
622988
629763
AUIOII
614321
1261553
1262650
669100
731663
669487
1271812
657425
1274959
IAIIEUO
622988
AO
670901
1251104
OIUU
IUIAAIIAEU
1229046
1231837
1233149
1242385
1244625
1245485
1254794
IUIAAIIAEU
739351
1238666
1239585
1240894
1241575
1250437
IUIAAIIAEU
639177
611902
1250965
OOA
1253014
623517
IAIIEUO
1243823
1248295
1252684
1261104
671708
1267963
675281
1269951
IAIIEUO
1275032
1275514
1282136
622236
1291027
1298131
622236
647675
726788
658036
645392
AUIOII
EEIAIA
708895
AUEE
678167
1223325
1231818
646114
658358
1240292
678167
755846
1243373
1244818
714840
630862
OOA
639177
1224466
657648
1233110
639177
1242283
604049
1251285
755846
681378
604049
1259280
630095
1262726
1263934
EEIAIA
1254746
1256613
623517
AIE
1243549
AAEOIUE
645942
1224711
1233704
755846
645942
1238920
672542
646114
EEIAIA
1239589
1249106
1249393
1254366
631462
719254
645942
645942
OIUU
1246987
631462
1248160
1249335
1250833
688766
AUIOII
1239197
683138
1241005
1244770
623517
623517
1250224
1254650
1259770
1262191
1267805
1268289
1275746
1278168
1280662
1289945
630095
AAEOIUE
1293467
IE
1290798
1296198
623517
IE
637780
1298914
1306422
1309842
EUOOEEA
1291925
IEU
1288929
1288980
EEIAIA
AUEE
758175
722679
637780
1252393
AO
1247413
EUOOEEA
758175
1231955
677290
1239232
1247081
758175
1248396
810550
1256878
654263
IEUUA
630095
678210
623027
810550
1250439
1256333
630095
647869
1265127
677290
1272118
630095
IEI
630095
652120
677290
IEI
678210
630095
1264122
IE
637780
IE
1246069
EEIAIA
IEUUA
686578
1211882
EUOOEEA
1199349
EUOOEEA
1198894
1208829
647869
1217039
759265
632932
1223107
1232930
678523
1233624
IIAAA
IE
1220240
634687
678523
701702
IE
1223619
691597
1228873
EUOOEEA
1209576
1215871
691756
1224686
1227239
1232620
687989
EUOOEEA
694801
1239980
665568
EUOOEEA
AUIOII
1211907
687989
1215881
IIAAA
1215502
1216244
1216258
1219017
1219728
1221031
1229456
EEIAIA
OOA
1191723
703816
1201422
1211396
1218730
1226076
1230924
634687
1233511
1234054
1236587
783164
1243585
1251960
1260900
1270379
1277950
670872
1285414
717983
759265
1291131
1292327
1292340
IAIIEUO
674833
658440
IEUUA
691756
656845
760329
760329
1245943
703816
1250179
1252935
696616
656845
AIE
1254391
706127
665848
IEU
EUOOEEA
670872
670872
650842
A
IUIAAIIAEU
1174158
1183793
667638
711418
707400
1188108
687615
1189107
AO
1174330
UOAOAAIEIE
699242
670872
1156826
721177
UOAOAAIEIE
1144383
1154340
754134
698811
1155404
1158078
AUEE
1130844
726791
1138827
1138868
704268
668126
1141988
1144147
754134
635379
1153791
1156604
1160029
1160140
691605
694912
1168815
687679
AUEE
1165531
AUEE
1152456
1155917
1163280
1166500
OIUU
1156674
1157681
790154
1158105
AUIOII
1149371
AIE
1137392
1146248
1148737
729882
1153854
664996
664996
790154
1156969
1160045
1164634
1170733
1180313
832642
662105
AIE
711307
1181097
1190391
IUIAAIIAEU
699242
699242
1191549
A
659639
A
1186098
664996
1186310
1188531
711307
700460
659639
699242
1198113
687679
832642
742020
IUIAAIIAEU
A
A
639230
1152809
664996
1154420
707033
EUOOEEA
1133170
712917
EEIAIA
701172
764195
792021
1120272
664678
832642
664678
EEIAIA
IUIAAIIAEU
1101361
836495
1103668
AAEOIUE
IE
690180
IE
1067863
664678
IEUUA
EEIAIA
1022160
1027906
1033766
IEI
809256
1032143
1042074
1042727
1047927
1048664
1054364
785777
1057272
774398
680737
671209
719680
770221
1060718
692103
1069923
1078730
1078897
1078916
675652
1084738
665296
692103
1092014
AAEOIUE
IEAI
696647
779552
686576
692103
723783
1051008
1058886
779297
779297
696647
1065649
1071980
IAIIEUO
OOA
1042862
711513
1052116
1053379
1058539
1060278
809256
1068353
1077281
674160
1086662
1092858
1099134
711513
AAEOIUE
665359
1072005
1073579
753176
1074922
1076998
1077897
1078508
UUAUOEEE
1071514
IEUUA
A
1047313
1049441
738416
1054273
1063197
1063348
OOA
1057120
790610
1062745
1067239
1072401
1075685
716708
1079706
1083463
1091989
1092364
1094166
1102610
1112150
OOA
1109273
704938
1110684
OOA
1112286
779297
1112390
1113093
738416
EEIAIA
1091939
712194
678840
704938
704938
1099133
1107830
687556
693022
678840
1115485
1119231
857618
1120647
UUAUOEEE
1092592
712194
1093557
1097148
716708
1104480
IUIAAIIAEU
665871
1095671
803909
681885
1096850
1103578
779779
687556
731207
693022
1107225
683884
712194
1115321
1116145
716708
AAEOIUE
753176
1091785
716217
1097497
1100263
721367
1109853
1113910
747418
1114054
1119991
760966
747418
1123250
AIE
1113176
695220
681885
1121254
731207
708384
IEUUA
760966
UUAUOEEE
1114392
669935
1123369
695220
669935
857618
748626
1127683
UUAUOEEE
1128124
1134511
748626
1136241
731207
687299
1145337
697792
790610
1154592
1161630
1170645
1174998
1175984
1177758
753176
721367
1185719
1195422
689076
1201681
1202347
1210728
697792
857618
689076
716217
721367
1211684
EEIAIA
1203304
1203420
731207
687299
716217
IEU
1201889
693309
1204626
1204629
689076
1207869
EUOOEEA
716217
AUIOII
IEUUA
1189632
1190164
753176
830418
707998
1194914
OIUU
1188241
711154
707998
692898
1191557
857618
753176
1199827
1209132
695220
748626
1217485
1222340
748626
IEUUA
A
799299
767595
1174046
1181621
1185190
695220
1193961
1199167
IEUUA
1198724
731207
703508
731207
727415
1205060
708482
716217
1210561
1216970
703508
1217806
708482
1218386
695551
857618
674864
UUAUOEEE
1209146
708482
1214831
1222459
1229612
1232194
IEAI
716227
1215438
755598
811176
862112
1224891
1229886
799299
1237380
811176
767595
727415
1245670
1248772
736985
AUIOII
1230156
716217
738484
1230671
1240045
IIAAA
1232329
1241429
1247758
1252198
776077
1254118
1258255
AUIOII
1254039
776077
1263779
697870
1269093
731633
1271979
1280695
1283509
AIE
1274230
1275596
1283105
811198
1285361
1294077
1296199
1300940
716217
1304234
1310079
1317350
1326892
731633
1330357
862112
1335010
678284
1338589
1344193
1349246
695220
1358064
1359022
1364265
1369199
IUIAAIIAEU
AO
1332858
763853
IE
716366
UOAOAAIEIE
IUIAAIIAEU
1293901
726954
1301508
1305152
1313478
731633
1322424
1328967
A
731633
1304498
1309326
1310801
785900
1318314
1319916
1326033
1330516
AAEOIUE
785900
1309461
1316995
1321219
1330751
1333734
707411
804669
1338079
1347823
719753
1354967
1362521
707411
1369475
1376253
724427
1382156
862112
1384534
862112
1387650
755598
719753
724427
726954
1393568
1402446
1408571
785900
1412232
726954
AO
1391602
716897
719753
EEIAIA
1379116
1379617
793234
804669
731802
1380852
1388508
1394728
1400708
724427
1407144
731802
1416144
811212
804669
734220
1418408
752765
1418591
793234
1420161
1429172
1438881
1441650
1451197
697870
1458987
1460741
697870
1460760
1462700
1465619
1467563
1476044
EEIAIA
724427
707411
755598
723364
IAIIEUO
1434076
1435379
1438044
1447484
1450187
1451015
1460315
755598
724427
870257
697870
719753
IEAI
IEUUA
1442608
1446858
1449839
1454724
1462929
1468595
1476614
1482216
UOAOAAIEIE
725272
1471773
1472558
1477376
IEI
1477466
741418
AO
1466861
744034
756144
804669
1474939
1484506
741717
1485842
804669
1493889
724427
744034
1496971
1501990
731815
IUIAAIIAEU
1487070
1493181
1497362
726830
1502405
808874
EEIAIA
721282
1488779
1491647
1494028
721282
1502271
AO
1497887
1501708
1505264
741717
1513186
1522199
AAEOIUE
1522961
1525910
1534882
1544054
782803
1551078
1554908
744145
825051
IE
825051
724668
1543729
1552076
1553556
AUEE
AO
735240
1514877
AAEOIUE
1490259
1494113
AAEOIUE
AIE
UUAUOEEE
884265
822852
1444951
IAIIEUO
710897
1441408
1448866
831353
1451369
747014
1460982
AO
825051
1441605
773265
738413
IEI
1412657
1414539
1418156
841330
734102
UUAUOEEE
1405076
1405385
1409307
1411275
1413812
1422695
734102
710897
1423443
1428368
748210
1431851
724668
888664
748210
724668
715938
1436316
UUAUOEEE
OIUU
753213
1418166
1421048
804669
1422852
1429722
1437444
1447042
888664
1449012
1451485
1451544
1458925
1463142
825760
1468748
1473861
1476321
UUAUOEEE
AUIOII
747569
1453697
AUIOII
809856
773284
826040
1442596
773284
1444706
1449624
1452329
1456833
1462590
1470446
753213
1470624
AUIOII
1473758
1482842
756268
1492308
UUAUOEEE
1489295
1498544
1501189
EUOOEEA
AO
888664
1453392
1457887
753213
773284
1458960
1464202
1471537
1472165
IE
AAEOIUE
712240
IEAI
1412346
744264
1420442
1423660
1423809
891547
829410
756970
1428855
1435233
1440137
1447478
1453338
789707
IEAI
762471
1454478
771468
756970
1457944
EEIAIA
796859
1460972
1469865
735648
744264
1469869
1470118
1473394
1474916
756970
EEIAIA
860685
796859
726178
1468247
829410
1470516
OOA
1446844
1447202
OOA
1447901
756970
891547
OOA
1452332
1457907
1462495
1468470
1477021
1483120
762471
1491888
1501711
IUIAAIIAEU
759487
764591
1491011
1495473
1502411
829410
IUIAAIIAEU
860685
1499701
1509488
UUAUOEEE
1491375
1492965
1498203
1500785
1500816
1508766
1515416
1516283
798379
1516551
1523894
1530471
1539055
1547701
IEU
712240
829410
1542853
1549969
1556829
1559039
1560394
1561068
1565967
860685
1567466
1573795
1581703
762829
733372
733372
764591
712240
EEIAIA
1561214
1565505
1565980
1567459
UUAUOEEE
AAEOIUE
1539963
1544472
733372
774695
1554247
1556567
795433
1565562
754910
1568558
908641
1571657
AUIOII
901968
1574758
1583818
798379
774695
AO
1568930
826040
AO
AIE
772744
AO
1536628
IE
908641
908641
1524628
1526584
OIUU
778911
737686
IIAAA
1515417
1523879
1527461
1533890
1536457
1541484
1547700
1555166
1557199
1562207
1563991
838213
1566737
788820
1569491
1575430
1585100
1587555
IIAAA
1590948
1591251
IIAAA
IEU
1560863
1568743
1578112
1585484
826040
1590475
908641
1600037
1603768
768766
1612008
901968
1613842
IEI
1607462
908641
760793
IEI
1608686
773111
1613000
856266
1613112
1615275
1616666
787292
760793
876087
876087
760793
908641
IEAI
A
768766
757234
1571954
1575722
876087
1579356
787292
908641
1579532
1589324
1595849
1605438
1607960
1613932
1619974
1627402
839098
IE
1618912
IE
1597527
734319
1597782
EUOOEEA
1590464
1593617
1599234
IE
768766
1576385
IAIIEUO
1578618
1585887
1594561
IE
757234
1576716
1581442
1583414
AUIOII
1584629
795973
1590455
1594095
760410
1594983
1598034
1601244
768766
794541
805734
832892
1602576
1607211
771985
1609019
IEI
1595695
1596569
875838
AAEOIUE
844116
1594833
AUEE
1574336
1582842
811993
778911
1592734
1598248
1598863
1601303
884913
1609550
1618313
1621293
1629546
918851
AO
1620900
1621423
917732
791742
1621463
1628127
1636466
1645358
917732
1648613
AO
746586
1625507
1630672
1631236
791742
784435
1638461
1639786
1643970
811993
AUEE
OOA
1629529
1637479
1640582
1642133
1644356
926360
1644744
1645165
759490
A
A
A
819858
894455
1620079
1622014
1626360
AIE
819858
1603809
899698
1612560
UOAOAAIEIE
773206
758956
1613465
917732
IEI
IEU
1560687
926360
1563169
914567
1572923
IEAI
782199
1559220
783236
1561023
835486
752625
1561986
1562040
1568850
926360
914567
A
914567
914567
1562077
1568488
1571339
1579213
1587100
902451
1596320
758956
867368
1604843
IUIAAIIAEU
1609974
1612502
1615035
902451
1622592
1624490
868326
810217
IIAAA
1611177
783236
AUIOII
1605900
1610100
AUIOII
1612066
1619805
IEU
797329
1603561
1610730
1611636
OIUU
821737
IEU
786935
782199
1600664
1604392
1607361
914567
1615049
1622765
IEAI
1620524
1625897
804107
1631846
1636576
805505
1645687
1652616
1655917
1663134
1669194
778469
AAEOIUE
868326
UUAUOEEE
795283
758956
914567
1637966
IEU
1610032
1617279
1627095
805505
1630238
1636670
1642661
AIE
IUIAAIIAEU
835486
IIAAA
1566317
758956
797886
821737
799320
1570714
914567
1580559
EEIAIA
809119
1557724
806227
1565928
IEAI
1545358
828404
817138
828404
821737
803827
1549061
1555650
IEAI
1559630
1566107
857565
IEUUA
1543909
903279
1544511
1550769
806227
1558799
OIUU
1557044
1563621
OIUU
1564115
805494
1566051
806227
1567703
1572832
1578965
821737
805505
1584208
1584897
948100
1591769
1595618
1596039
805505
799320
IIAAA
1590368
1591640
1598971
1606162
806227
918817
1616076
1624142
IEAI
1610395
1614892
UUAUOEEE
1595225
1599641
1607983
1616582
1623363
1627281
810504
1630806
1632238
1641889
1646901
1649864
805494
783205
UUAUOEEE
1648376
1656266
918817
1658182
1663214
843055
IAIIEUO
1647698
1649551
1655490
1658125
821737
878608
808870
IIAAA
1654274
1656074
IAIIEUO
1642253
EUOOEEA
1613816
813960
821737
1620244
841089
1622113
1631904
1637574
1644190
1652789
823448
1654689
1662445
1670896
804910
1671100
955006
846885
1674748
1679494
1689345
922638
948100
823448
804910
948100
IIAAA
1685414
813960
922638
1691721
1693681
AO
1670484
818205
1674427
IEUUA
IEI
948100
820087
EEIAIA
1646555
889530
IEU
889530
1636672
1637831
1640226
828813
IE
1624060
846885
808870
1630450
830321
818205
1639388
AIE
823162
800565
932125
1633982
UOAOAAIEIE
1617834
1622195
852655
889589
823162
UOAOAAIEIE
866763
1626731
1633482
812609
1641069
818205
1644862
IEU
1642118
852655
1644120
1649186
1654874
1655264
1655656
1663767
958715
1670636
1680094
OOA
AUIOII
1648371
956983
1658340
1666356
1674634
808355
1684264
812609
1689123
830082
1698102
942756
1703234
1705651
1705712
812609
781437
852655
EEIAIA
1703089
AUEE
1696237
1700290
781437
1708104
IIAAA
1685821
1688253
1695420
1697021
1699762
1704304
1708412
846885
808355
846885
1713685
1717500
830082
1722596
857146
781437
AAEOIUE
1702780
1704569
1711293
963957
1713421
1714838
808355
1721080
857146
816133
967140
1730854
1737445
967140
1744336
1753326
1758764
1766583
818205
1770878
857146
967140
1771249
1773388
1779938
1787011
1793934
818205
IEI
1773018
EUOOEEA
784572
784572
1768936
808355
1776637
1779065
1783421
967175
832806
UUAUOEEE
1780517
1782913
1785488
1791910
1794624
883307
1798383
IUIAAIIAEU
1797187
1806025
IEI
1779723
842872
IAIIEUO
888882
1759025
888882
1768932
1773682
805674
1782514
1785852
817721
817721
1794462
784572
817721
853687
1797586
1803752
817721
1813580
1814511
IAIIEUO
808355
857395
1814594
AUIOII
841904
1810325
1815170
967289
975726
1818936
1821067
UUAUOEEE
1820048
808355
1825695
1829170
1831328
852860
975726
1836939
784572
1844213
1845506
OOA
961523
1835647
1840936
1842646
1848914
1850221
819599
1852068
1853344
OOA
1857897
837394
888882
889589
OOA
1866783
1872739
784572
IEUUA
808355
1850672
837394
1851099
AAEOIUE
1827557
1830243
1832523
AO
969473
868748
1841816
795568
828688
1849898
UOAOAAIEIE
1847732
OIUU
868748
853175
1847831
A
1828701
1835492
1840879
1845930
1850611
828688
814932
1852149
814932
1861546
868748
837394
1867439
1870693
1879800
IE
IIAAA
1863939
1870259
817721
871193
1876763
UUAUOEEE
799859
860203
1866161
1875202
969473
1875542
819599
1885482
1892101
AIE
1876067
801536
830941
1880818
OOA
903654
1867691
1871124
901214
801536
1877300
854950
1886980
837394
1889443
1895732
1897997
IEU
1885738
1893039
1895793
1896746
IEU
IEAI
IEAI
833294
1872066
1875142
1878980
1888183
UOAOAAIEIE
908772
1885189
820388
1886068
1888256
1897663
999455
1898880
854950
1904541
1910147
862770
969473
854530
1919206
871433
825850
1925513
AUIOII
OOA
OOA
1895033
1902702
OOA
IEUUA
1884511
1001239
1890577
1895562
1904516
1905160
819599
864803
1913333
OIUU
UUAUOEEE
1001239
969473
1899429
1906976
1913203
847049
834713
875074
UUAUOEEE
1913771
819599
901214
1001239
1914172
834713
1914387
1922314
1927146
AUIOII
867065
901214
878805
1915932
1916487
1921235
1927406
901214
EEIAIA
1001239
1918272
1001239
IIAAA
IEI
1880644
880639
924131
864803
1882000
975928
1884262
AUEE
815355
1864908
UUAUOEEE
1847155
815355
1852630
1854079
1855884
AUEE
924131
IUIAAIIAEU
815355
872611
1837529
1842929
1844204
EUOOEEA
836052
EUOOEEA
AO
UUAUOEEE
874369
822645
1792479
1793768
1801915
1807213
881130
EUOOEEA
1790170
1790411
880869
1798434
IIAAA
IEUUA
876858
IUIAAIIAEU
828065
828065
1755746
925273
881130
1765577
1769672
833140
1778952
1781037
1790266
996536
1795554
1800493
1803308
824992
1809383
840259
887889
907313
840259
1001239
880869
1817075
1818843
IEUUA
1804146
UUAUOEEE
IIAAA
874369
1770775
IUIAAIIAEU
861174
1744239
1752237
890468
844701
1758004
876858
1764624
1765611
1768951
1011412
837759
1769871
1774543
1783015
1791988
1798701
1805295
1811353
868439
1819300
IUIAAIIAEU
1813404
IUIAAIIAEU
1814305
1820930
1821161
1822818
UUAUOEEE
IE
846208
1772536
1781353
900485
AAEOIUE
IEI
928124
1742429
871891
881083
1752359
1024633
1755834
1762396
1768930
EEIAIA
IEUUA
AIE
1724045
881083
1733079
1737078
852676
1739987
966484
881083
1745590
OIUU
1720525
1722978
1725237
1725684
EUOOEEA
1714028
1716810
892179
966484
1718661
IEU
1703044
1711149
IAIIEUO
1707135
1716011
1724876
1733349
1739318
1744753
893636
1751194
1753333
927692
1758925
915935
915935
886327
1768115
1036971
1771578
1779400
1784126
AUIOII
EUOOEEA
AIE
1753320
1757071
1766645
1772064
1041208
1775444
1777768
850760
1787397
893636
IEU
1765967
1772989
886327
1773702
1780228
1785474
1790512
1793409
1005833
832462
853833
1800334
906006
1809091
899433
1812715
1815382
EUOOEEA
1810054
906006
1811955
1045467
893636
IEI
1794273
1005833
IEI
1774440
892179
1778319
1783484
899433
850760
1791413
AIE
1783985
927692
IUIAAIIAEU
850760
1783064
1785914
899433
886327
893636
1790121
1790624
893636
886327
1047119
1794182
AUEE
1785742
832462
1024855
1787365
893636
1791223
1800267
893636
1053512
1809176
UUAUOEEE
1798815
1024855
1800443
928381
1803854
1803869
1005833
888704
EEIAIA
832462
1782250
914690
AO
1779909
1781477
1781478
1785991
832462
1786795
1787680
928381
861987
1790128
928381
1790856
875620
1799536
1801228
1806364
886327
1813978
1822609
952804
931580
1826591
1833361
1833539
1842127
1850761
1850909
899510
1851871
909855
899510
1856707
1865006
1874806
1878296
1883305
851181
AAEOIUE
977969
903119
1880903
1881682
1053512
893636
1890251
IEU
A
1874329
AUIOII
1875561
1879764
916450
IEU
AO
1026287
1832013
893636
1839338
OIUU
EEIAIA
IEU
1789596
1792392
1794742
951592
908209
AAEOIUE
1787217
877420
1053512
1796832
909855
1806821
1814898
888704
1820117
1821540
OOA
EUOOEEA
1769243
IEU
977264
1744543
IEUUA
1729440
1738770
894128
IUIAAIIAEU
1718891
1033254
1723208
967113
1730588
909855
1033254
IUIAAIIAEU
926037
1722474
868738
IUIAAIIAEU
1054671
1700098
1709897
1717865
982095
IIAAA
1701512
1709129
877837
894128
1713229
894128
944745
AUIOII
1707440
895094
982095
982095
1714010
948179
1720703
896020
1724250
967113
OIUU
1708214
998468
AO
IUIAAIIAEU
1676641
1681399
IEI
1677266
1003741
1686498
IE
UUAUOEEE
A
1640709
1034855
952273
937595
AAEOIUE
1634915
1643981
1003741
1653436
991777
896098
AIE
883275
IEAI
1624142
907485
1628824
1034855
1630787
IEU
836733
909493
904709
1619083
1625369
883275
1633974
1638616
916230
948323
1046807
A
1635650
936006
1639733
1001906
1643702
1034855
1651609
1653796
1655463
1658201
1661375
1669984
IEUUA
1671412
916579
1676322
1685399
UOAOAAIEIE
1656862
883275
AIE
1637058
1646820
1648204
956203
1654204
1661456
909493
1663253
1667399
956203
1676790
1011560
1680237
1682700
1682982
1687006
1692626
1693110
1694762
AIE
1684597
UOAOAAIEIE
909351
1668204
1671936
AO
936006
887684
917265
1673586
1678119
1680074
936006
1011907
954669
1683864
936006
1687099
1690978
1692603
1696603
OOA
1698126
959327
1705155
1712358
1716773
954669
1722025
1728889
1731801
1735111
1738810
IEUUA
1710672
1714525
1721769
1725263
969741
1733676
IIAAA
1708397
A
929123
1712223
919996
IIAAA
1046807
1697304
1034855
915449
1699021
1702274
1005774
1707639
1716311
888564
1721542
EUOOEEA
888564
1702429
1706833
1716754
1718811
1720152
1724503
OOA
OIUU
934317
893797
915449
915449
917433
1013478
1694766
1046807
1697971
946213
1013478
915449
1704779
1713347
1013478
1716616
1046807
1726552
974125
1730465
1739049
1747463
1755230
924539
1765154
1771886
1776200
1779910
1779954
OOA
1756311
1034855
888564
1763273
OIUU
1764717
1765584
893797
1767120
948090
1046807
1776718
941946
IAIIEUO
IEI
959895
UUAUOEEE
893797
893797
1729597
OOA
934317
IUIAAIIAEU
IEUUA
1673947
1681396
1083687
1688737
928291
1698302
EUOOEEA
1083687
866607
915449
EUOOEEA
1686095
1039592
IIAAA
1017569
1689818
1695461
1039592
1703175
1014431
1710901
EUOOEEA
1710053
1713234
924539
1721925
1727658
1728874
1730383
1733069
1741093
OOA
1725316
1725729
1734399
1741067
1745343
1746695
1746708
924539
1747909
1750151
OOA
IEUUA
1743150
1744354
IEUUA
IEI
1737654
992898
1744479
1746871
1750720
1755244
AUIOII
AUIOII
1747647
1051391
938155
1751865
1755222
1764281
955955
1771337
AO
966996
1749528
1750044
924539
983207
UUAUOEEE
1727110
1731626
IEUUA
1083687
915449
1033694
IEUUA
1083687
983608
1711350
951998
923983
IEU
1083687
983608
1709050
1715212
1715327
1033694
1721333
1052035
1728202
1733491
AAEOIUE
AIE
1716624
1033694
EEIAIA
971825
930014
1698248
898190
959895
1706891
1089434
1031913
983608
954260
IIAAA
1712882
IAIIEUO
968352
930014
1710062
968352
1712252
1715429
1716906
927358
1721443
1031913
1726872
OOA
1700225
1702037
872000
IEI
929443
1684007
1014646
1684083
1691660
929443
1700736
1706023
1712571
975066
OOA
954342
1011184
1716582
UUAUOEEE
872000
1702925
1709423
UUAUOEEE
1698072
1698481
1707906
1711815
872000
IUIAAIIAEU
OIUU
929443
1058724
975600
AIE
AO
1635052
1637184
1641589
1649562
1014646
957600
AO
1652571
984573
904248
1654485
1662767
1664047
EUOOEEA
887620
IIAAA
1626580
1633051
IEI
1618662
1626154
1634708
932829
1641468
887620
922444
1649029
929443
1656733
1665146
1674549
1067541
OIUU
989703
1067541
1672724
1677574
979651
1682258
991107
932829
992448
OIUU
IEI
1678386
1688276
967306
1688557
1694409
1700216
UOAOAAIEIE
OIUU
EUOOEEA
989703
1007032
982104
975411
1123837
929443
1630932
1633940
1640317
1642449
UOAOAAIEIE
1617526
1621661
1630495
1036239
1636442
1642066
977088
1643624
1645243
1645663
1645747
IIAAA
1007032
1645786
IAIIEUO
1647847
UOAOAAIEIE
953821
1120561
1640006
1649560
1657487
1658249
IUIAAIIAEU
1649993
IE
1076014
975411
1645155
1648124
IUIAAIIAEU
AUEE
975411
IE
1593462
929443
1593968
EEIAIA
1573423
IEI
1078681
IEI
1576246
1584930
EUOOEEA
1582159
1591042
908755
947053
975411
1074303
AO
929443
1586964
1587750
1593066
1041338
1602455
1604727
1016970
975411
1609963
1131218
AO
1613142
1618576
1623943
1630550
OOA
1016970
1609984
OOA
1612609
1616079
OOA
1622261
1628285
1636814
1641443
950611
937711
OOA
1644403
IEI
1630728
1633645
938580
AUEE
A
1152223
OIUU
998034
UUAUOEEE
1088991
984653
1025222
988073
1135200
1550999
938580
1555659
937711
IEU
1541817
1542251
IEAI
OOA
909584
1508245
1514300
1516581
1024930
1521181
1522910
950611
1530455
988073
1537417
1540553
1548191
1554228
1561118
1565989
1574750
OOA
1577008
EEIAIA
952347
1577265
1584985
IEU
1580139
1006603
1587256
1034021
1592671
1595242
1604744
1034021
1609389
1613549
AO
993062
1616050
1006603
1024930
1024930
1616612
1024930
1621190
IEUUA
1613716
929845
A
990869
1024930
1592479
1597483
1598143
1602214
IEI
1024930
1010835
1586250
1592415
1592685
952347
1595128
995708
IEI
940247
952347
1097739
1596867
1601638
1608920
1616876
995708
AUEE
1589279
1596528
952347
1605925
1612941
1613167
1622985
1624571
IE
993062
1024930
1060571
1610520
1060571
1616345
1616873
1060571
1620726
AUEE
AUEE
1614896
1052847
1620581
1097739
1623366
909584
1005872
1060571
1060571
1629677
1084131
1632275
1638640
IIAAA
1011066
1060815
1618809
1024930
938445
995708
1624469
1627003
1097739
1633732
1642935
1097739
1084131
1097739
1062635
1097739
EUOOEEA
1634439
1639645
1641855
1008378
1645638
1646308
1648741
OOA
IIAAA
1060815
968727
1620074
UOAOAAIEIE
1620272
UOAOAAIEIE
IIAAA
1615958
1060815
OOA
990869
EUOOEEA
1581219
1084131
1590884
1097739
1599266
952347
1607401
1609532
1140813
1023098
914342
1610050
1618119
1060815
1623856
1140813
1005163
OIUU
1613314
952347
1062635
IAIIEUO
1598107
1600698
1165559
1608571
1615146
1080528
1618620
1620392
952347
1624263
1628767
1631739
1010882
IIAAA
1165559
1020876
1631263
1638435
AO
1635600
1639710
1645381
1646304
1029796
1029796
990869
AO
1649275
990869
1651730
1661020
1666074
940247
1020876
1672516
1675081
1681528
1684138
1167226
1060815
1684927
1020876
1685877
952347
1028159
952347
938445
AO
1144896
1687786
952347
914342
IEI
IIAAA
1639240
1176303
AO
1629986
1180449
1634737
IIAAA
UOAOAAIEIE
IUIAAIIAEU
1024060
1033727
1033727
1572685
1015792
1117434
1573571
1038362
952347
1581363
1586303
1587602
OOA
980020
1574881
1579001
1033991
1117434
980020
1581098
952347
1033727
1590707
1033991
1046678
1046678
IEAI
IEU
1084131
1561223
1563277
926436
998072
1570781
1577626
IE
OIUU
1064881
1570847
1033991
1061866
1578371
998072
1084131
1580943
1585865
1586187
