0
8010
0
8136
UAIEAIA
15640
19548
22982
0
28302
31760
0
40665
0
41804
UAIEAIA
25616
33732
0
126
0
0
0
126
126
0
0
11840
11840
UAIEAIA
39081
AOUUUU
34598
U
0
8184
8875
12887
U
13683
8184
17874
25528
23913
26668
11574
28328
8184
0
28568
34711
42578
52129
53462
61752
70878
74647
0
83658
0
0
85362
0
90289
95181
104071
0
13651
13651
112443
116526
11444
126254
129285
134138
126
0
0
143423
146101
150769
155813
155844
164566
13651
0
173844
AOAEOAU
E
130717
IIU
102164
111177
UAIEAIA
11574
14239
114191
122422
8184
131162
1900
136112
139484
33395
146064
9126
14239
6946
154883
7498
14239
156434
AOAEOAU
145239
153772
161379
9551
8184
33395
165773
173853
180469
182687
191447
194754
203795
9126
9551
IAO
192694
20464
200165
207192
215153
218484
9485
UUAEUOAIUI
216526
20464
15043
10490
219935
222499
227539
233369
15043
UAIEAIA
15043
38839
205644
12267
206613
208251
211617
3031
215083
224430
183
230871
235568
236266
E
3031
AOAEOAU
193098
200700
202455
OOIAU
197066
17482
OOIAU
OOIAU
OOIAU
174072
175181
178242
14575
23765
181807
14575
22309
184617
12267
187305
IIU
20464
17482
169053
IIU
167854
38287
177236
AOUUUU
E
142390
AOUUUU
40051
139242
AEUU
133284
40051
133340
133506
136560
U
17482
131789
UUAEUOAIUI
26525
22896
118480
127363
136035
144096
151740
EUAIAIEOEI
47448
40051
141650
150555
38019
22529
OOIAU
151782
22182
156146
47448
25616
164915
166399
50458
AEUU
148061
154158
162122
169075
23594
169694
177722
182101
182149
191783
22182
194688
22529
202049
26926
206087
206369
OIO
23825
196905
204433
211072
213978
40051
17307
214541
214985
220380
223145
30547
223871
40051
232639
39338
IIU
37377
216918
218243
228193
228658
234668
235400
28214
UUAEUOAIUI
221144
33608
223629
232182
IAO
28071
26991
9126
221940
229486
27080
62381
AOAEOAU
33608
E
IAO
28071
62381
182418
190517
191706
192015
201784
211230
28071
215146
218092
AOAEOAU
210238
214775
9126
AOAEOAU
EUUI
203354
205896
206692
48112
IAO
186084
62381
192974
197865
204079
IIU
61260
186285
77044
190433
65400
194167
197007
U
193805
AOUUUU
42903
33608
36505
27362
44694
175642
179136
27610
182572
188047
56564
191123
36505
61260
197874
198000
205455
210976
214959
215761
216437
223291
228270
EUUI
45257
228264
236423
238510
33608
EUUI
238476
61260
244073
38499
247741
AOUUUU
245189
251570
39099
253881
56564
42903
33608
258552
268309
EUAIAIEOEI
33608
265480
265552
IAO
47047
AEUU
69705
234178
243839
244049
57296
246607
27362
253431
40224
262183
UAIEAIA
234422
51417
241808
251121
AEUU
238063
244585
73311
253821
256181
93190
47047
264200
267441
IIU
47047
252282
253992
47047
255514
58092
UUAEUOAIUI
250260
67786
253303
257789
267299
273028
276933
279942
45989
282159
47047
66183
290633
43699
294113
UAIEAIA
272943
60102
73311
273374
278036
279285
EUAIAIEOEI
282638
73311
72169
288084
98614
72169
IAO
288676
74704
36285
291257
E
67786
283947
60932
293000
66183
302041
310234
312645
319089
87846
41760
OIO
45989
305848
87846
307464
UAIEAIA
301499
66183
305265
67786
311595
56675
76515
316902
56675
322965
60932
60932
AOAEOAU
27362
UIEAIAOI
76515
309001
94700
66183
315251
IAO
OIO
295120
78660
AEUU
94700
AOUUUU
66393
113877
262135
265868
268101
276728
OIO
67786
IAO
69940
239459
E
239265
242084
243864
67786
42586
IAO
69985
OOIAU
213533
223148
223662
EUAIAIEOEI
72245
212587
51145
213359
221489
221997
77637
226796
232134
59093
235064
EUUI
212362
79854
EUUI
EUAIAIEOEI
187861
191049
76275
192072
192546
132804
54625
AEUU
192438
92154
196487
205928
210919
213357
IIU
IIU
76275
108887
214155
214869
218088
222768
AOUUUU
199767
97317
201495
211075
EUAIAIEOEI
190460
190902
83958
191565
EUAIAIEOEI
97317
50779
196058
141845
IIU
180128
76275
50779
83958
181812
184925
100351
189435
191221
108903
191433
200227
EUUI
178852
179629
53012
185092
83958
189675
190548
116162
114950
EUUI
AEUU
170926
76012
78914
173373
69749
177527
69749
181782
188303
141845
AOAEOAU
179816
182661
189813
194373
OOIAU
53012
176428
102364
92382
185274
188286
197388
203369
69749
206783
78553
90689
90689
213560
91050
215419
222996
U
UIEAIAOI
UIEAIAOI
150296
158952
114661
IIU
155359
149467
163633
170266
178212
IIU
183251
OIO
162298
AOAEOAU
150963
112623
149467
103940
154751
84098
162268
U
135129
112356
U
126932
E
121929
124351
125689
77133
127749
129699
139079
U
132397
135850
138908
149467
AOAEOAU
109947
118266
124414
138397
129650
67867
136566
136461
AOUUUU
EUUI
AEUU
U
IAO
84797
UAIEAIA
100318
OOIAU
55462
EUAIAIEOEI
EUAIAIEOEI
18358
114116
103249
81004
E
124470
9844
13623
23015
29250
35720
40887
114116
86048
50589
56237
58069
84797
114116
63468
63497
OIO
53802
59370
132902
E
65290
124470
72436
76580
103249
U
65454
68572
155539
103249
68573
75475
84605
86943
95947
99926
121163
AOAEOAU
77139
79502
110933
UIEAIAOI
AEUU
31987
94500
37942
150997
158659
158575
44100
49056
158659
UUAEUOAIUI
43098
45265
54556
61486
UIEAIAOI
150997
52895
160075
IIU
128384
86444
45261
86444
109073
50600
51179
91658
57497
128384
164808
86444
62444
133015
66720
109073
133015
OOIAU
52816
160075
57230
138301
67118
91658
111210
128384
133015
70042
75754
110933
83908
EUAIAIEOEI
69093
76923
81791
86013
110933
141408
160075
UIEAIAOI
AOAEOAU
43230
AOAEOAU
50917
51317
128384
57828
61371
67741
113641
AOAEOAU
155944
67637
128384
155944
74576
160075
77275
150570
111512
78963
150570
97976
OOIAU
U
41597
51107
111512
100013
51165
60165
U
IAO
39888
U
36674
160075
113641
162118
38568
145538
41622
145538
UIEAIAOI
OOIAU
5443
136214
6148
191678
14388
24365
32560
38473
149018
47503
52613
54218
61345
70119
160839
72151
191678
109508
137456
79756
84369
92400
155320
97603
103076
110674
136214
161763
114187
110364
155320
OOIAU
E
75050
113641
81895
160839
111804
85595
91075
98980
149723
E
98844
149723
AEUU
84916
88845
93773
136214
97149
106339
108425
IAO
180770
105059
UUAEUOAIUI
OOIAU
66466
137456
170290
67746
68819
74513
77897
OOIAU
58240
63968
161233
66409
180363
OOIAU
E
54759
170290
U
31617
36930
46690
AOAEOAU
28234
191678
37000
38200
40367
42419
170290
165322
AOAEOAU
137456
45305
137456
48043
49666
52185
59762
161233
UIEAIAOI
61329
168379
63254
174648
161233
72883
132239
182449
144118
153430
182449
77472
84578
111804
89889
98252
E
E
UUAEUOAIUI
144118
166816
130806
130806
UUAEUOAIUI
144118
UUAEUOAIUI
83713
91739
99165
144118
191678
EUAIAIEOEI
182449
E
91058
100028
102852
E
191678
98228
216633
106486
112854
162118
112931
AOAEOAU
106702
U
UIEAIAOI
170290
94795
99685
108515
175956
OIO
102307
170290
102480
184374
107314
115185
U
UAIEAIA
78363
170290
137456
86399
AOAEOAU
AOAEOAU
AOAEOAU
220856
162118
74173
UIEAIAOI
61260
61546
E
199104
40609
41558
48505
51821
225784
53831
162118
AEUU
193204
199104
UUAEUOAIUI
UUAEUOAIUI
31259
35643
40887
199800
48471
164303
49426
199104
58089
199800
139396
62118
67896
68904
75265
164303
139396
76820
AOUUUU
58804
60935
144517
160006
69434
71482
169065
72075
72715
78419
81812
82912
84819
90105
93730
225863
EUAIAIEOEI
73608
185292
OIO
71461
80778
88629
94141
102706
108508
160006
199104
199104
113784
AOAEOAU
102479
107615
115024
170020
203829
196822
225863
OIO
114143
118174
191653
121133
153720
200003
121412
148901
AOUUUU
123212
225863
225863
123623
148901
129971
130097
134645
142074
170020
146751
225863
AOUUUU
203829
150581
203829
154071
154483
160344
162708
168363
160754
173649
160754
UIEAIAOI
159869
168134
172144
181295
187063
193687
225863
201665
205616
AOAEOAU
209735
196060
203722
204940
205483
212866
160754
164615
225863
218269
227238
236717
238899
244477
245724
196060
EUAIAIEOEI
247192
161014
U
AOUUUU
IAO
150354
186699
213186
186863
185936
160266
194090
185936
IIU
175510
196939
163973
176026
180729
202334
182105
AOUUUU
165743
169909
171009
176205
170284
180278
186040
182727
EUAIAIEOEI
164144
169150
174006
178478
EUUI
167904
172403
174313
201487
178294
178863
180443
201487
182214
201484
186017
186283
188507
213872
193690
196511
225989
208682
197280
236149
203919
213461
217934
170284
EUAIAIEOEI
EUUI
203592
185839
189177
195981
197288
204206
211806
212895
218066
220656
229507
233816
208682
150354
237894
201487
190717
247241
249477
EUUI
255899
259049
268781
231041
269289
236149
269727
273851
AEUU
269543
233297
270742
150354
276782
286751
233297
291298
195081
208682
169891
295404
201484
UAIEAIA
202673
150897
203592
201484
UAIEAIA
281447
234515
219358
285004
212633
288222
290315
294742
301922
308843
AEUU
212633
299788
308363
313449
314883
321098
322662
325684
325834
332899
334863
215810
167983
170284
150897
170284
338090
338880
150897
167983
170284
342546
201484
201484
343705
EUUI
212633
172540
225989
333824
343157
170284
203592
351015
351187
354493
EUUI
363779
170284
371078
376594
170284
177274
202731
381245
391187
396932
396992
237712
E
UIEAIAOI
202731
205560
356056
173179
361679
370990
374918
382106
388839
203592
398487
150897
203592
205560
402317
410727
414768
150897
179107
179107
419533
420243
420356
212633
424443
428488
437101
437971
IAO
413279
417088
229888
426538
427222
229888
427362
OOIAU
OIO
419127
182567
422014
425385
IAO
177678
AEUU
212072
E
IIU
241521
391059
203300
157871
261514
392971
241610
IIU
183874
371386
188616
371763
219817
189360
241610
379405
385379
IIU
188616
IIU
OIO
360651
367547
367919
241610
368956
375180
210033
379513
241610
245830
387098
387522
396821
404084
197239
407582
416953
422776
432531
210033
442066
203300
241610
OIO
197239
265592
OIO
238437
441267
446029
241610
448923
450304
456091
265592
U
430810
437833
188932
214157
447276
168417
448829
452484
203279
460702
470276
472790
212072
475335
UAIEAIA
229786
229786
249418
457620
UUAEUOAIUI
446089
232946
190631
212072
453333
187431
457856
462658
471922
476882
232946
480739
485603
275324
203279
487833
168417
489636
499096
499835
212072
IIU
168417
490755
234213
IIU
489292
191834
UUAEUOAIUI
247849
487400
AEUU
478862
OIO
453784
174632
458905
461098
198787
462866
467192
475387
187431
483219
218704
OOIAU
210200
243574
479242
483988
198787
487229
UIEAIAOI
474749
235777
476821
278346
188513
480971
483534
490470
493871
497900
501151
501752
503226
E
OOIAU
195289
278518
455612
278518
459358
461507
463679
214851
215480
195289
261999
250873
469459
476198
218704
485539
EUAIAIEOEI
464912
250873
U
467131
224147
261999
473407
IIU
219310
449530
261999
219260
260247
453834
UIEAIAOI
442174
242510
448876
IAO
224147
250873
439955
261999
222513
443870
280624
452969
271211
280624
459836
222513
464107
IAO
454417
224147
250873
459765
293953
466425
293953
198787
224147
467269
476644
479266
482724
AOUUUU
468027
468969
250873
198787
477439
482565
198787
491646
496068
501316
261999
191133
198787
191133
261999
UAIEAIA
492053
295401
501221
UUAEUOAIUI
478547
268895
481585
487631
236692
AEUU
UUAEUOAIUI
283801
448950
236692
192170
228203
E
433698
AOUUUU
E
IAO
279771
382444
391116
192170
216585
U
372121
EUAIAIEOEI
373698
374558
219130
242840
286695
192170
382413
386796
242840
389338
389838
219130
396925
401113
402151
403736
412474
420920
427657
435404
244788
250693
IAO
249234
426006
428081
428980
246026
438014
438874
447121
450783
457751
219130
467711
279569
471809
279569
284423
474291
475069
279771
484132
485535
491864
500285
246026
508187
508317
513150
250693
U
508234
228203
510252
U
510631
515437
522958
523969
279771
206498
UIEAIAOI
506622
509654
OIO
480460
488762
UIEAIAOI
244785
246026
UIEAIAOI
AOUUUU
469463
192170
470290
279569
UAIEAIA
466400
474618
481187
488928
EUUI
470841
OIO
EUUI
IIU
287465
416011
248405
420737
422842
EUUI
346888
396232
399515
403298
295705
408353
295705
IAO
393117
U
381893
299116
383335
388376
AOUUUU
374899
200991
AOUUUU
377938
AOUUUU
IIU
271387
344798
200991
UIEAIAOI
292678
292678
339770
UUAEUOAIUI
339931
347413
350042
350630
355331
360682
EUUI
246118
284423
360548
359221
EUAIAIEOEI
358240
367479
373736
382412
EUAIAIEOEI
387495
392723
395173
404764
409828
412996
EUUI
414117
418574
AOUUUU
295716
395914
273045
396824
401486
411358
245605
246978
411445
E
416131
416296
200991
AOAEOAU
298369
UUAEUOAIUI
UUAEUOAIUI
258844
273045
385497
392595
398471
205179
299616
U
377354
386608
389301
392368
U
205179
396002
AEUU
386475
E
366472
375680
375911
255089
384090
374927
AOUUUU
299229
360746
365472
AOUUUU
363184
365181
316707
UUAEUOAIUI
UAIEAIA
246978
357759
366072
205179
375517
293632
381095
383570
387410
389385
391106
IAO
E
380043
384719
259922
384917
386731
390375
205179
398373
AOUUUU
205179
384622
385686
291002
U
358954
286454
260633
359692
368228
260633
371680
260061
307351
372880
307351
374866
384794
329188
384868
334117
334117
260633
U
286454
382980
329188
260061
387537
260061
260633
EUUI
OOIAU
357648
274348
OIO
263011
331673
338773
342935
AOAEOAU
293608
AOAEOAU
382980
286896
OOIAU
333914
303916
306343
309036
331371
OOIAU
333914
252871
IIU
293351
297786
306911
331371
319796
348948
302590
310272
IIU
310297
UAIEAIA
310297
OIO
333914
225940
281472
AOUUUU
270974
276403
285116
OIO
283887
307838
EUAIAIEOEI
OOIAU
307838
314009
259396
268712
269625
319796
256949
269631
E
UUAEUOAIUI
223333
226332
230109
235895
256949
245006
AEUU
231815
239438
297292
EUAIAIEOEI
E
316017
236383
213123
222997
305652
224708
227277
232842
236467
AEUU
AOAEOAU
202879
288943
204594
214363
215882
218761
220053
AOUUUU
202272
IAO
192852
199767
206774
236457
236457
AOAEOAU
343763
203906
256949
206848
211394
218849
228028
235059
348671
327145
237309
241973
244871
307546
251813
254081
260873
307546
378192
262204
265248
270558
378192
272692
331743
288943
276015
256949
307546
343763
319568
281584
315580
327145
282776
315580
285167
243557
287228
331743
UUAEUOAIUI
281873
290390
292876
295622
IIU
348671
287118
291866
298499
UAIEAIA
UAIEAIA
243557
327145
288358
296007
296147
261384
300191
359604
AEUU
288458
349664
289268
378192
362143
292923
295446
327145
U
273603
276240
285528
326048
291636
292759
296088
299474
243557
302820
306659
312502
314389
315072
321043
261384
327887
327145
335970
UUAEUOAIUI
404619
OIO
335159
291133
UIEAIAOI
274644
281312
268333
285673
286387
404619
291083
299424
306826
308058
309648
311017
362143
313381
E
IIU
411534
277750
UUAEUOAIUI
273923
340058
276179
UIEAIAOI
252157
254190
AEUU
305932
405670
229699
231050
307546
EUAIAIEOEI
EUUI
318500
198775
203930
349596
AEUU
198707
208275
213257
340058
213467
AEUU
UIEAIAOI
208990
340058
214665
223776
224573
380562
UUAEUOAIUI
205357
355820
207311
215662
350222
376197
AEUU
UAIEAIA
OOIAU
150234
157458
E
140594
142188
332987
148121
158067
161832
164610
172796
428712
EUUI
158485
163092
360782
171303
291296
367816
178651
291296
U
171497
368364
176262
344468
417019
185974
392376
368364
195058
200559
210290
370610
212055
222035
223835
IIU
216474
222139
291296
AOAEOAU
344468
344468
216751
392376
OIO
OIO
191718
193729
199389
200375
OOIAU
392376
343156
203400
366548
332296
206440
419383
210571
OOIAU
419383
419383
196077
198048
350223
369185
392376
429636
207763
211815
216102
223932
233370
392376
242022
AOAEOAU
402645
237612
245248
EUAIAIEOEI
231937
419383
240005
241366
247228
253081
255990
262783
264205
347514
348080
269037
348080
350223
371231
273402
274109
282541
288517
294393
299656
305455
UAIEAIA
285086
285697
332296
398438
EUUI
266191
267437
276215
284341
353158
371231
288460
381779
293516
332296
293631
368193
299136
308161
406410
316536
319323
406410
327241
274109
430433
328257
335257
419383
335822
353158
340765
350309
371231
358158
358464
AEUU
333824
410114
E
UAIEAIA
347514
320206
405979
326396
332392
291296
384144
332745
337904
344162
346851
E
337318
337812
281457
411175
EUAIAIEOEI
326824
327728
336011
347514
440212
342911
281457
430433
350395
357831
362027
371601
376906
362354
386270
386279
389225
EUAIAIEOEI
378457
OOIAU
369068
374687
377441
359045
IIU
295315
OIO
U
347514
327620
380577
336253
345621
AOAEOAU
329638
330097
393582
337818
401226
393582
374719
UUAEUOAIUI
360286
440212
318283
326321
407823
303967
335987
UUAEUOAIUI
344578
350241
374719
354397
358756
361645
E
342475
347672
360286
348111
354735
436575
303967
359816
360286
367354
379084
303967
375124
383926
354307
443457
390354
E
393582
436575
AOAEOAU
370643
UUAEUOAIUI
347788
357679
364113
355067
355067
371172
374060
UUAEUOAIUI
OOIAU
446188
413699
309195
418681
367061
375525
377785
OOIAU
418681
446188
384146
386313
413699
395887
396646
404478
446188
411490
436575
AOUUUU
395441
359363
E
424471
391357
398570
399024
424471
399365
404487
366402
409874
415595
417443
404073
359363
OIO
403560
400425
EUAIAIEOEI
385943
395711
U
E
360010
362063
384208
365266
374198
377173
379322
363474
384942
379084
322623
EUUI
376043
382115
380470
381105
379084
UUAEUOAIUI
381200
383796
382115
385352
EUAIAIEOEI
386297
390811
AEUU
392376
392409
398479
437140
384208
425548
319653
319653
405113
AEUU
379084
AEUU
IAO
388262
392405
401420
402162
410660
406093
407812
319653
416205
428667
419175
370958
418681
EUAIAIEOEI
393113
EUAIAIEOEI
386505
370958
388902
390915
IIU
IIU
369045
410660
398279
385061
371239
378476
381863
384359
U
EUAIAIEOEI
354519
EUUI
UUAEUOAIUI
298234
430956
307049
478999
308697
318237
325409
326477
328586
430956
331009
430956
335464
385061
344910
419006
351581
354792
406027
358532
362394
365265
E
363994
373494
403693
AOAEOAU
381188
UUAEUOAIUI
UUAEUOAIUI
425434
IAO
337073
344612
E
316342
335266
324026
326177
331244
339135
347332
OOIAU
336577
430706
341298
344062
392786
350478
350766
351576
360647
369178
372150
450147
428322
E
344908
372528
344908
450147
378316
380203
380977
438015
IAO
IAO
362872
409760
367554
372090
381667
390526
428322
409760
397908
UAIEAIA
373549
397908
397908
344908
450147
374466
460338
382426
UUAEUOAIUI
357632
UUAEUOAIUI
460338
442442
354523
358749
IAO
346366
438174
EUUI
341658
343705
460338
353050
460338
329737
354592
445038
344908
363528
370211
431826
EUUI
460338
512983
446662
346016
350578
357419
413270
358727
445038
IIU
411404
360928
365097
UUAEUOAIUI
344868
414573
512983
352625
358607
462735
429656
359898
366363
374431
383323
E
381032
AOUUUU
AOAEOAU
EUUI
367886
371370
373444
452756
450180
379201
482632
386049
389071
432152
329737
397904
329737
450180
IIU
433947
348295
AOAEOAU
375962
431826
459003
378415
388317
391528
398516
521288
463337
427693
401067
EUAIAIEOEI
390049
397502
404611
450180
412071
329737
418997
427620
OIO
423094
473748
525743
E
U
357741
398815
399067
450180
401029
414023
405404
432152
415404
422018
429712
433877
434490
AOUUUU
435407
439738
EUUI
357741
444171
332948
414023
448019
453613
462045
467077
450180
440703
E
462940
465058
AOUUUU
AOUUUU
450180
465933
466910
474381
427478
AOUUUU
476827
461145
438521
482632
478471
542916
AOUUUU
IAO
474044
483154
483438
485716
332948
450180
488284
427478
AOUUUU
OIO
EUAIAIEOEI
542916
474847
458349
U
464793
U
468067
360505
469843
479242
487325
492017
431826
496132
497840
501624
502105
509300
427693
512849
513855
517596
522938
531691
458349
535126
543198
548221
UIEAIAOI
539369
545425
555192
438521
559397
566274
576251
335311
438521
480164
438521
585348
587937
593294
595937
480164
470504
459521
597325
599656
IAO
591068
480164
595313
459521
602722
608188
335920
E
UIEAIAOI
586817
467162
UIEAIAOI
437614
418744
467162
589548
339774
590753
597831
IAO
583102
438521
340456
418744
437614
585750
360505
585923
593376
599724
340456
609002
609249
IAO
OIO
609828
360505
UAIEAIA
UIEAIAOI
593897
509424
OIO
597108
509424
604401
480938
610540
615032
621624
UUAEUOAIUI
609949
509424
618181
479727
628135
631522
636777
441947
479727
459521
467162
639086
646048
AEUU
EUUI
612503
IIU
595537
352439
595874
U
OIO
573122
581065
352439
438521
368465
590367
OIO
495029
461210
352439
548268
572104
445715
577708
442361
E
563859
572048
438840
575442
575718
582585
450096
OIO
570405
472720
445715
461210
352439
450096
472720
575549
579813
510685
445715
581757
E
450096
451953
450096
UAIEAIA
552910
AEUU
460954
533598
539696
539751
549517
459062
AOAEOAU
460954
549410
AOAEOAU
552209
467745
472720
459062
U
535121
460954
536633
503862
541870
546839
551087
372840
UIEAIAOI
460686
540647
545565
552465
555336
560472
467745
445715
568701
517299
460954
571671
460686
460954
460954
579512
587213
474682
563813
AOAEOAU
513629
UUAEUOAIUI
UUAEUOAIUI
U
525186
548714
520083
466756
549837
474682
366604
EUAIAIEOEI
466280
537838
546981
380284
550646
557443
465095
563238
568130
571860
463072
572256
492681
467745
575888
484387
579015
465095
466280
585812
366604
UAIEAIA
562858
566223
569925
576762
584585
586831
589079
590675
563813
598990
608085
IAO
470074
470074
587596
IAO
595960
E
579360
581053
499735
466756
590416
592416
593815
455923
474205
466756
AOAEOAU
597414
606538
466804
610962
616307
621873
623437
627840
629610
524535
474205
455923
374855
524535
636623
642948
648013
474205
474205
474145
490288
474205
653156
518051
466756
656732
381928
381928
539677
661522
668455
674402
381928
E
518051
649740
EUUI
374855
644440
654109
385477
655626
662498
374855
524535
EUUI
660100
666209
675496
684448
685600
AOUUUU
374855
588174
524535
658060
666759
667236
473475
668634
669016
677051
683433
692640
471561
466756
473475
471561
700768
466756
705668
709197
526123
526123
712254
716267
719132
721182
722450
727732
728280
732449
374855
734625
539677
499735
510123
741569
OIO
719874
723686
460946
460946
731345
740071
506612
OOIAU
479547
542266
480201
720976
726323
AEUU
713443
721586
728515
UUAEUOAIUI
472348
479547
479547
711743
712383
716867
UUAEUOAIUI
UUAEUOAIUI
697422
AEUU
675939
U
542966
377498
659437
666985
499456
UIEAIAOI
IAO
EUUI
625296
625677
628282
635828
547081
487580
637455
560214
499456
598151
OIO
635093
637098
640999
UIEAIAOI
642019
644272
651805
657381
657918
663728
598904
539652
560214
401236
670594
547081
516396
677715
684557
690522
697959
706395
715503
547081
717097
726400
735284
401236
736481
IIU
716584
496578
717911
496578
727298
728341
492043
472343
605771
IAO
724269
AEUU
721701
721710
727102
732540
AEUU
562158
523047
496307
738852
743764
749770
505056
756151
500214
757543
765506
496307
UUAEUOAIUI
494232
763789
763930
547081
772857
775213
782420
787354
AEUU
515161
496578
562158
545177
767662
774168
545177
775577
782524
401512
AEUU
398840
784655
IAO
789288
789367
793521
803399
IAO
517829
801383
477257
545177
804813
805616
809290
818434
401512
398840
477257
401512
567401
825913
832380
496578
AOUUUU
398840
833778
838211
E
826801
578073
835058
UIEAIAOI
518327
545177
EUAIAIEOEI
831870
832458
841531
403976
496578
503085
OOIAU
829455
518327
834181
495642
840429
547081
848297
849677
853714
403976
403976
857484
857568
518327
495642
405689
858439
865481
866941
AOAEOAU
578073
503085
518327
843289
848716
855139
860472
531276
AEUU
839439
496578
844968
484054
854659
OOIAU
833230
555100
496578
IAO
UIEAIAOI
803517
811488
431090
815759
512989
819910
824917
827267
834110
EUAIAIEOEI
560410
OOIAU
U
504023
794667
536390
796630
805309
U
814480
822522
831671
507055
839446
844641
850548
448833
529433
851017
504023
857268
863742
872866
879693
885990
OOIAU
866775
451395
875039
879998
529433
881811
UAIEAIA
864648
UAIEAIA
865111
873414
878231
536390
413071
413071
UIEAIAOI
858511
862836
U
843251
844864
854039
858457
514506
864541
503624
869443
873476
503624
536212
877249
878152
881021
536212
882081
514506
509368
889146
892908
UUAEUOAIUI
454669
874173
509368
883856
EUUI
871554
551216
575411
875740
879473
420004
575411
587632
515952
515952
587632
579933
886671
887500
890057
458182
891327
520278
896010
458182
896788
515952
536212
503624
IIU
872429
507872
876510
882761
458182
888730
632644
896443
904419
906169
U
OOIAU
515952
869856
879095
UAIEAIA
870562
546687
588080
876053
581557
876495
465126
531842
883849
888784
889325
892065
898549
903920
588080
551216
531842
910898
UAIEAIA
906057
636427
534223
588080
913139
915945
465126
924140
551216
931214
935812
UAIEAIA
600203
933189
581557
516652
939981
941044
949203
OOIAU
UIEAIAOI
923956
925733
926776
470473
932487
936501
943494
947619
949688
953394
UIEAIAOI
534223
516594
551216
516594
948130
948574
957543
523840
606670
959747
436184
OOIAU
945065
949915
951927
581557
516594
952121
473656
957236
961933
551216
IAO
936102
IIU
935959
937875
549317
IIU
943725
IIU
437022
547828
918102
919225
551216
536326
919322
920769
540000
928753
590303
933105
547828
942516
593655
947403
EUUI
608297
OOIAU
437022
523840
651047
651047
921542
925061
608297
EUUI
925227
933787
937001
942217
549429
AOUUUU
608297
551919
523840
927205
484286
UAIEAIA
594192
547327
558425
558425
558425
912384
916408
921964
925698
537920
554777
484286
933688
558425
937858
945345
537920
UAIEAIA
U
899563
904663
437022
910309
567561
912786
913279
529720
492655
918582
926064
529720
928065
529720
937504
945623
946598
E
943789
952635
962018
965806
966106
974171
981023
983000
558653
558653
987801
988973
599584
992706
549429
1000541
1003366
599584
1012592
1021388
1029934
AOAEOAU
567561
1014354
1019536
667722
599584
AOAEOAU
1025666
1028615
499301
EUUI
599584
1014068
1016523
545318
1023993
1031911
1039337
1041433
1048803
1050869
1054993
670836
565034
670836
599584
545318
567561
EUUI
EUUI
AOAEOAU
U
600645
1017732
565034
1019450
1025398
1031846
AOAEOAU
565034
1024742
1030196
IAO
1008838
561679
OIO
556211
1012115
1017126
EUUI
1004694
1007713
UAIEAIA
UAIEAIA
534977
986891
989694
999432
1001082
574912
534977
602871
UIEAIAOI
978934
574912
UUAEUOAIUI
U
948810
952613
959320
EUAIAIEOEI
937781
947357
515756
595711
EUAIAIEOEI
534977
951358
959734
964112
968551
563896
974113
975051
980899
987148
989993
996336
574912
1003800
1006363
EUAIAIEOEI
1005010
609913
515756
1014054
EUUI
1016861
1024653
1032716
1037002
UIEAIAOI
561679
644953
609913
1021225
452583
452583
1028413
OIO
1025310
1029264
1033586
1037134
596416
566599
1041356
1045699
686891
1046018
566569
OIO
1039871
1049082
1058495
1067793
1074353
1078649
1086733
AOAEOAU
562403
1068125
IAO
1063700
1072193
IAO
614920
EUAIAIEOEI
567932
AEUU
592399
1033531
576082
1042268
1048679
EUUI
EUUI
1026250
1032721
UIEAIAOI
1028905
1034055
AOAEOAU
654791
1017501
598848
598873
1026334
1026553
1035168
1044744
598873
1046317
566599
528506
1050733
1055717
U
1042665
1046260
1053069
1057492
1061300
1066300
1070504
654922
1073092
1073961
1082890
1084219
U
593617
1084364
1091369
AOUUUU
1090372
593617
1099442
573860
1102699
1106616
1109413
1112505
1115634
1124459
1129369
AOUUUU
1129873
1131322
1132918
1139991
AOUUUU
1130527
548218
1138850
528506
1143125
590382
1147345
1155148
550130
1160530
1167952
1174433
1183062
584327
AOUUUU
UUAEUOAIUI
1166075
602621
657660
AOAEOAU
1143093
687794
598873
1152457
1152681
1156807
587370
OOIAU
599702
1139680
1149194
1158492
1163797
1173590
OIO
EUAIAIEOEI
695507
1137049
695507
604004
OOIAU
557928
AOAEOAU
1092423
1101342
1106185
1111025
1111521
AOAEOAU
1116334
OOIAU
1099943
659824
1100131
1104424
1110544
541437
659824
562863
541437
OOIAU
E
1097240
611899
704489
636492
1097808
EUAIAIEOEI
491148
1074348
1080869
562863
1086924
1094691
1103767
1111529
562863
1111568
1112704
1113431
1117947
AEUU
1091023
UAIEAIA
1080713
672871
1089099
1097847
1104703
623068
1104811
AOUUUU
628187
628187
625774
AEUU
1089883
UIEAIAOI
1084210
1089599
IAO
1075235
1083628
1088238
1091756
1100789
502898
672871
571843
583610
625774
627416
672871
UIEAIAOI
1082290
1086664
1096390
E
1086389
1087432
1095770
U
615889
1086233
EUAIAIEOEI
OOIAU
1047677
OOIAU
1054636
1057738
E
1043052
UAIEAIA
1024695
AOUUUU
1003218
672377
515900
640697
OOIAU
653704
EUUI
590376
E
939075
640697
942584
653704
590376
597006
689802
949167
953665
960633
970105
975761
984070
984924
992898
996938
1005258
640697
1015104
EUAIAIEOEI
658064
1002730
631514
AEUU
991429
994390
1002807
658064
657744
1003184
AEUU
UAIEAIA
AOAEOAU
984810
988071
993755
AOAEOAU
528071
IIU
U
979285
983348
654768
679803
695256
988340
995534
528543
1004215
AOUUUU
987799
748001
682822
605909
AOUUUU
994788
994881
AOUUUU
577328
1000971
1009443
697860
1017593
660544
664012
1025155
AOAEOAU
1029840
1030315
UAIEAIA
1026246
697860
OIO
1026222
1031043
UUAEUOAIUI
595748
646917
1020491
636035
1024743
1025392
755189
1028362
1036599
1042455
1051605
EUUI
1045366
660544
1053589
AOAEOAU
IIU
1050778
1056163
1058829
613158
671760
1059189
683776
636035
604963
1061257
636035
1064972
1068318
1078116
1079297
646917
E
1060530
E
644728
UUAEUOAIUI
682822
671760
1029889
1031818
AOUUUU
617932
647542
1030612
534886
1040123
1048472
OIO
1023271
OIO
651496
1005076
651496
653625
1012710
719717
1021852
1028449
1036833
1040640
E
1032541
1041221
AEUU
E
1014684
613824
1015335
1020635
798162
1024626
AOUUUU
EUAIAIEOEI
672079
1001200
1002396
1011598
OIO
680572
994008
680572
680572
OOIAU
EUUI
955264
660544
957550
UAIEAIA
542293
738935
EUUI
697154
EUUI
923405
688109
623923
928738
612900
OIO
905147
906123
911557
920053
922313
UIEAIAOI
697380
664023
920898
EUUI
920945
749503
927704
933384
UAIEAIA
697380
812913
IIU
893301
706741
902361
906154
911867
U
OIO
863690
871878
873693
817188
882576
888324
889025
898251
648289
UUAEUOAIUI
674092
895363
902470
696934
696934
906806
915065
918260
922250
929088
696934
639925
706741
707668
664023
934718
936161
944962
U
EUAIAIEOEI
929839
931832
932565
558712
939839
946631
947624
949675
644737
EUAIAIEOEI
591145
928388
591145
591145
AOUUUU
823273
913154
919510
928694
IIU
933661
942553
952013
683207
UUAEUOAIUI
946965
954977
IAO
939212
IAO
683207
677671
666738
653656
914053
596450
696934
674211
915139
674211
IAO
916639
UUAEUOAIUI
632734
OIO
892173
674211
895348
902463
742843
909201
911716
914759
677852
922646
923962
823273
928443
683207
935775
944209
950682
EUAIAIEOEI
681690
674922
677852
824000
931284
940562
761348
596489
940897
945592
571314
661423
954728
963736
674922
681690
571314
UAIEAIA
661423
939111
674211
AOUUUU
687725
OOIAU
927656
929159
829389
EUUI
687725
AOAEOAU
896583
604882
901439
661423
691243
905519
733837
907232
AOAEOAU
683260
887089
894288
UAIEAIA
895816
898119
UIEAIAOI
572185
888496
897090
905689
905900
UIEAIAOI
907278
AOUUUU
762333
774344
888820
652150
774344
652150
583125
898789
EUAIAIEOEI
876144
878047
884252
886210
888034
583125
897008
902489
905996
909034
917696
E
UAIEAIA
676095
883772
668979
746397
889717
892362
UAIEAIA
AOUUUU
876747
699341
EUAIAIEOEI
614354
870500
870843
713451
878311
590309
885412
888904
746397
895244
904530
AOUUUU
896487
905610
912544
UIEAIAOI
715572
675602
653004
911813
921567
UIEAIAOI
927435
710084
933016
782318
IAO
IAO
896977
718765
901190
908273
917391
922559
929961
939432
941538
765387
945106
765387
608806
653004
UIEAIAOI
789747
675602
683637
938169
946465
948819
950216
789747
955293
959499
614354
UIEAIAOI
614354
958416
959406
675602
763421
966233
969403
976774
978235
855772
715572
687510
OOIAU
963680
969244
675602
969329
971901
653004
683637
972413
979134
980400
981668
987499
683637
683637
718765
989434
715572
616956
AOAEOAU
687510
975423
715572
675602
976833
676095
616956
UAIEAIA
968918
971495
789747
675602
AEUU
959632
961373
963946
969321
624505
718765
971622
972854
718765
687510
980553
988823
715572
997728
998407
617605
1007880
1014644
624505
1015549
624505
1019542
770303
777998
1029487
754434
OOIAU
754434
687510
724032
754434
1011388
1017840
1024923
OOIAU
1022320
1025009
718765
777998
1026637
789747
1035233
1042832
777998
1052162
770303
1060064
718765
1060154
1063010
1068476
1075482
1084479
1094135
1094729
789747
1101032
1106911
UAIEAIA
789747
EUAIAIEOEI
688365
1090410
AEUU
675602
1085889
1090120
693442
690322
693442
1096609
1098800
675602
1101739
1102106
675602
693442
759819
1108016
1114729
1122495
759819
AOAEOAU
1112322
675602
1118130
719125
UUAEUOAIUI
1101159
1107483
1114516
1120402
1122489
1131824
1133045
1135762
1137180
1143434
AEUU
860593
700630
1117614
1126607
1132143
702821
632728
1140291
1145682
783814
1148241
1154914
OIO
1140151
773603
1141651
1151230
1156712
UIEAIAOI
773603
686953
622862
AEUU
1135129
1137485
1141361
1148807
798273
783814
728729
1151499
773603
1159016
1160938
1169432
1170854
1177457
798273
783814
702763
1184463
1189412
623572
702763
623572
1192994
798273
686953
1195716
765119
710479
724936
EUAIAIEOEI
1191172
1192941
1194458
773603
1195589
798273
AOAEOAU
EUUI
765119
AOUUUU
1144341
1148998
1158145
1168076
AEUU
IIU
702821
632728
1139362
1149219
735700
1155861
725775
765119
765119
1158449
1167664
U
1152398
UAIEAIA
692553
692553
772135
708476
705334
UIEAIAOI
1122116
1123189
1127537
735700
735700
1137427
708476
1146942
E
1127648
1128993
1135821
634613
1138206
708476
1146671
1148414
1152830
1161265
1165868
818031
870301
735700
1173210
UUAEUOAIUI
873313
1153800
1158012
1167869
1170603
1179093
716735
762216
774002
643109
1182012
776600
1190978
873313
634613
AOAEOAU
AOUUUU
1153705
739690
731523
1153951
775445
796400
649901
OOIAU
1143544
1151175
1155000
1155967
775445
1161488
1168002
647517
AEUU
716735
U
1156316
786716
1157169
1164052
659085
1169697
1176855
818031
1178657
IIU
1155325
882773
775445
741870
769153
AOUUUU
1131844
659085
741870
UAIEAIA
UAIEAIA
702616
1111183
1116178
727383
1120870
OOIAU
827432
713875
795150
1112056
1118540
1125183
1133571
1136750
IIU
703090
665558
1137821
1141653
1148111
1156826
1165780
1174739
731194
647517
741870
1176063
887331
EUAIAIEOEI
EUAIAIEOEI
795150
1168098
1173353
783006
665558
1177962
1178623
1181056
1187712
1193657
1199364
IIU
1201584
887331
1209984
1218072
IIU
UIEAIAOI
1184702
665558
887331
755091
OOIAU
1165176
1166052
652373
671231
741870
1167061
1173944
1176821
671231
IAO
713875
1164568
652373
1170300
IIU
661538
IIU
732141
810948
839303
1160243
1167968
1171719
1178679
1188137
723630
732141
1188195
810948
1192796
1193060
1202339
1209623
673971
713875
713875
IIU
730860
1198455
1206576
1209099
839303
763685
E
888001
1201141
1210885
UIEAIAOI
EUAIAIEOEI
1169631
1178065
733839
1183238
808059
1184875
898607
679443
1187298
OIO
1176960
1186783
OIO
733839
1174079
IAO
1161368
817193
1164691
1169109
1173476
1174223
E
1152927
848589
1162831
1169676
787086
787086
733376
767836
1176058
IIU
1173509
734471
OIO
813310
795141
767836
1162306
1168532
751839
1173763
1181692
1188819
740223
1191348
848589
1198983
1202007
740223
AOUUUU
767836
U
1184711
673971
826316
1188829
1197601
736354
1200018
1209436
813310
AEUU
1192299
1198815
1204596
1209202
AEUU
1189651
746731
1197896
767836
AEUU
743861
1198567
746731
UAIEAIA
813395
1172374
679786
1181383
807680
749482
1184305
1186439
813395
743861
749482
1195219
1202785
1207503
1216650
1217218
1223010
UAIEAIA
748192
1210219
EUUI
1195250
1201620
1207927
1215363
1225177
IAO
UUAEUOAIUI
765240
OIO
783029
1173303
1174273
679786
1181818
1190103
783029
1198647
759814
860381
1204459
1209040
1216995
1219371
748192
914503
1223559
853780
UIEAIAOI
1202583
862393
1204764
1211763
748192
1220687
IAO
1214919
1221277
1231242
760918
1237726
1241372
1250142
685808
1259842
748192
1269183
1271035
1279426
783029
IAO
1278755
783029
UAIEAIA
860419
809090
1262000
1262289
1262420
1269282
1278357
1287849
1291970
1292097
760918
EUAIAIEOEI
854252
809090
819215
AEUU
E
1256961
753334
1260488
760918
1263746
1273321
1275378
792026
E
775490
854252
1276252
819215
1282731
1287260
AOUUUU
1272251
692420
757502
1281220
819215
1285338
1288348
1293603
IAO
1267409
780613
1273724
1276926
860419
1284336
1285570
692420
780613
1289699
775490
1298144
OOIAU
1301051
1302756
1303249
OOIAU
692420
1300645
1302338
775753
OIO
1282266
1291954
OOIAU
1280558
692420
769521
1281970
1289641
1292652
765608
1295381
822292
1297572
819215
EUUI
854252
819215
E
1269174
758723
1272238
1277427
822292
783901
1283320
879949
692420
1288953
1293653
1300116
1301300
1310721
IIU
AOUUUU
1288149
1293911
783901
1294963
791338
1299971
1309638
1318060
879949
1325415
783901
1334971
831485
1344554
U
1341964
783901
1351714
1361612
1366824
877035
1372646
819215
1379893
793631
1381665
OIO
765608
765396
OOIAU
1360285
UAIEAIA
799176
879949
OIO
1343879
879949
1346135
1350015
1350653
AOAEOAU
732055
1344106
1351301
UAIEAIA
765608
803263
UUAEUOAIUI
1306633
817346
U
1280099
AOUUUU
1255766
1256577
839490
AOUUUU
833964
692420
886602
821694
AOUUUU
1260647
OOIAU
793832
1260325
1269199
1278284
886602
841875
793740
875149
1278664
1287622
821694
1296577
786623
1301651
692420
875149
EUAIAIEOEI
1286504
E
1283769
AEUU
1282255
1288545
1298467
777219
1303995
1311031
AOAEOAU
1309056
1312400
793832
1321755
793832
888444
1326166
1332576
1340031
AOAEOAU
1339573
1345749
1347322
692420
756968
1356960
793740
UAIEAIA
875862
1344588
790835
1352264
793740
1359060
EUUI
887210
796922
1344379
1354199
821694
887210
796922
887210
AOUUUU
759887
887569
793832
1358504
1364953
1366521
E
E
821694
1329180
E
896928
E
EUAIAIEOEI
1312915
896928
1317681
1322872
1331126
852655
1333631
1335627
1337955
1345051
821694
796462
1351061
U
796922
1345328
1347499
E
1326688
796922
EUUI
1312100
852655
896928
UIEAIAOI
795751
1291394
UAIEAIA
1278321
1285535
OIO
1260211
1267111
829375
888113
E
AEUU
1236145
1240376
1249671
1257403
OIO
1240217
903584
821186
810321
1007639
796927
1248534
1255232
U
759887
710034
903584
853316
UUAEUOAIUI
825989
810321
1226197
810321
825989
1234124
UAIEAIA
1229572
1229618
1237406
851587
UIEAIAOI
829263
804211
IIU
1192444
1200609
AOAEOAU
1181605
1190833
832402
825989
1198400
893818
1202210
1206407
1207689
833401
1209081
1216381
1225612
OOIAU
AOAEOAU
EUAIAIEOEI
822280
1170759
1176978
909639
723641
1180545
1187399
1192725
909639
AOAEOAU
1177433
834964
1181883
806740
1184885
UIEAIAOI
806740
1171007
E
733482
1169138
1172674
857934
E
E
U
838632
1141157
1032345
1146959
1147661
1153903
920999
920999
740376
1153908
920959
838632
IIU
E
1122010
1127791
838632
1136913
OOIAU
1114724
871465
871465
1124237
806740
1131678
1139588
1140195
OOIAU
1145286
EUUI
1140513
787508
1150224
AOAEOAU
940810
916766
847412
927746
847412
834538
829700
1146862
1154518
787508
1162509
IAO
933227
1160022
1169085
834964
1170087
1175971
1183688
1185293
866132
1186551
1190302
926791
1200058
1209159
EUUI
866132
787508
AEUU
1178907
1188052
808201
1196574
1198203
924043
924043
OIO
1193084
1196464
842083
1201348
AEUU
808201
1190365
1045960
1196716
839552
805277
866132
1204264
1206302
934227
1207192
1216848
1217355
805277
1223501
1045960
846664
940810
1224519
1224999
1234345
1243450
847412
940810
940810
1249995
1253438
932587
1259168
EUUI
1246650
847412
1253716
E
EUAIAIEOEI
1060817
1202642
UAIEAIA
1194718
1200922
1207321
957417
957417
742557
EUAIAIEOEI
1187232
EUAIAIEOEI
1186647
1191053
UAIEAIA
1166487
1172123
1176717
808201
UUAEUOAIUI
873049
1179286
1188506
1191954
968093
1193400
1195780
1203231
875624
1206900
UUAEUOAIUI
AOAEOAU
1194282
UIEAIAOI
1180711
805277
877705
863682
1189720
1198329
1204680
1210224
816737
1214653
1220631
1229371
877705
938560
877705
1234125
1236636
863682
1239440
1240913
863682
816737
1250776
AOUUUU
968093
1226246
1227416
1234339
1239750
1241171
866318
863682
1241905
UUAEUOAIUI
UUAEUOAIUI
OIO
945970
944790
840619
1187013
1188662
AOUUUU
OOIAU
1153507
1158554
1160689
1168222
1177339
1179450
787185
1187050
787185
833618
1196438
863682
1196646
1198141
1198936
1199780
1206692
IIU
1210970
1065239
UUAEUOAIUI
835736
1071772
UUAEUOAIUI
1071772
981900
UAIEAIA
1174813
1175515
1181892
878942
1185051
1185517
945970
950423
880972
816861
1194340
1196190
UUAEUOAIUI
