0
0
5708
OUEEUOA
13220
20897
0
26327
0
0
28620
0
37773
43903
UIIIIOAU
46777
0
52379
55367
56907
62580
71439
74483
77835
84716
IEOEOAEEUE
69493
0
71544
0
73319
82314
0
0
0
0
OOAOUUUEIE
80348
83735
IUAUAI
0
70525
74210
80350
80766
UI
59435
63643
EEOII
47675
13350
0
50393
55144
0
0
2293
64806
67553
74165
74400
EAE
8859
1775
5708
50728
0
53080
3352
IEOEOAEEUE
44197
45345
0
0
51434
53683
8859
61364
0
66845
67674
0
IUAAUOIAUE
0
58732
0
68341
9997
76964
0
5430
80193
0
80793
81259
0
0
90783
0
94969
0
104635
416
113430
115639
116172
0
124415
9464
5708
0
129540
137683
140870
142451
150617
0
152410
1775
153007
155104
0
161813
OU
163909
UEOE
146650
148080
0
2796
149776
151839
161025
168718
8421
176680
0
180543
185278
0
19909
189793
192621
201399
1775
IUAUAI
10399
186476
190183
11288
0
0
OIUUUEE
3810
0
193869
IUUOEUAAUO
172286
10399
11384
177020
0
4208
8701
178579
181219
10399
UAOUEEO
3810
184075
0
187551
188755
829
UEAE
3229
0
0
180416
0
12209
0
186617
196546
199605
204448
210833
212645
215723
OOAUI
209755
IOA
0
212324
0
216337
225289
230007
0
IEOEOAEEUE
4751
13350
IOA
4186
IOA
195958
201532
4309
4186
203439
208128
214541
217963
7028
AEOEIIE
215818
222678
0
5708
226178
0
227469
229421
238176
7028
241376
11384
OO
9464
0
3229
227176
0
237131
17391
247094
247199
IOOUAO
224883
229570
230093
234435
7246
238776
245789
0
0
3685
IUAUAI
12049
219646
229381
234585
241296
241642
0
248042
250400
IUAUAI
249351
252724
259804
11358
12209
260289
266550
273683
3111
11287
280341
281442
286293
3810
286704
287457
3885
IIIIU
264863
268456
275168
275846
278681
282222
8723
285500
288212
IIIIU
287341
295336
300437
306159
310245
14170
312842
8723
15247
UEOE
294437
302865
EUOAIAIEO
13361
283771
291306
7962
300506
306228
8804
UIIIIOAU
285161
OIUUUEE
15043
257312
263180
0
OU
14721
257950
262006
264484
268253
13361
EAE
0
255948
IEOEOAEEUE
252329
257716
258391
EEOII
252573
IUAUAI
244157
250706
251734
253475
UI
246811
IEOEOAEEUE
243726
8298
14721
247290
UEOE
7962
250228
11036
IUUOEUAAUO
UUOAE
235456
9524
243014
252093
260033
7962
30741
11300
260768
EUOAIAIEO
249707
250045
256038
EUOAIAIEO
11287
3874
7246
256252
261204
AUUOEUIEEE
30741
AUI
222320
15598
17719
OOAOUUUEIE
11300
222612
226402
233552
13394
238616
EAE
OAUOUAIA
OAUOUAIA
211593
33246
8709
21734
OO
207070
215719
IUAAUOIAUE
203517
207001
216517
IIEI
207327
23066
26568
30614
0
213464
217659
UIIIIOAU
10870
20536
OO
180978
185198
187267
21871
193648
198123
AUI
2582
198840
OAUOOEU
174098
174662
6140
19184
OAUOOEU
178937
179077
183562
42940
186740
UAOUEEO
170047
17202
6140
175222
184788
192779
31588
6711
202091
34524
209192
212219
214399
218021
EUOAIAIEO
201827
19184
206702
27484
213106
222001
225126
21759
21746
30419
231769
231879
234024
237641
7348
246253
252024
254279
OAUOUAIA
24267
OAUOUAIA
27484
19460
35724
UEAE
AEOEIIE
14575
221701
224437
27620
231256
235503
242067
248567
UAAIEUO
EEE
13255
27258
30419
58438
216755
222664
229258
OAUOUAIA
58438
AUUOEUIEEE
7940
208478
211405
30419
217952
AUI
210180
OUIOAEEIA
21864
11545
194515
O
26219
184688
186420
188187
25925
3874
13666
12405
196435
200229
21871
203842
7646
212583
215529
219599
223918
39919
229255
231211
234582
26586
239806
245043
252203
6057
12130
259075
259250
24267
OUEEUOA
249353
26586
259186
267929
275968
284550
290159
295870
305152
305802
306064
EEOII
286427
287833
11545
3874
26219
294265
OAUE
791
22112
21759
7646
29057
269139
275626
AUI
267530
275309
21746
17372
AUI
276192
39919
279841
OAEEOOIO
272344
277508
EEAUUUAAO
271020
274784
35072
282105
284244
290367
21759
292394
298813
12405
302317
310133
319259
A
6140
310123
313232
A
310656
316435
321039
32294
329881
332071
338620
341602
35856
343714
O
AOUEAO
IUUOEUAAUO
22112
289036
289644
35237
32526
27218
20592
18233
20592
293894
301836
309185
EEE
290934
AUEEOOEA
34064
13666
13367
280500
289809
290671
293112
300653
309190
317086
EAE
309833
UEAE
304813
35237
313821
320107
320766
AEOEIIE
311646
21356
314386
OOAUI
295580
OOAUI
16868
12405
292793
OAUOUAIA
27218
25000
OAEEOOIO
OAUE
6996
OUEEUOA
A
43016
213006
49309
48542
EAUEEUO
193108
194593
199647
34064
199766
43899
201205
203281
204138
AUEEOOEA
12130
197616
203523
204864
31595
213111
219518
31595
22120
221040
224689
32253
231193
EEIUAUI
215478
221491
49309
IUUOEUAAUO
199123
202329
211887
214912
35635
219027
225150
233220
241376
244139
EAUEEUO
221541
33977
11149
27763
42356
227694
EAUEEUO
33767
UAAIEUO
43878
187605
35072
192003
193179
196074
204937
IIO
180658
186279
189912
196476
198579
204296
26780
25029
14242
43878
210546
220171
224812
OAUOUAIA
OAUOUAIA
27763
29946
199320
57790
27763
208836
EEE
197990
205522
209396
211891
219050
225364
228220
3984
228243
231024
22257
34858
238280
240505
14242
EEE
249048
OUIOAEEIA
32311
OUIOAEEIA
EEIUAUI
199476
AUEEOOEA
OOAOUUUEIE
OIUUUEE
32378
156080
OIUUUEE
24243
140625
141834
147079
151902
151913
43662
33827
159922
49257
24671
34222
166432
34858
166972
173605
178737
188286
AEOEIIE
171614
43306
177684
56963
AEOEIIE
184206
37864
OEEIEOOO
162992
170233
26780
34863
IUUOEUAAUO
146480
40150
32378
IUUOEUAAUO
37074
25000
49283
IUAUAI
104157
110729
120266
124435
133095
31921
141916
IUAAUOIAUE
134577
136346
145092
46976
147585
149984
26780
EAE
141087
EAE
148260
31921
42710
149978
159051
165432
168349
82405
169075
46746
172187
36971
OAEEOOIO
29946
153542
19000
IIIIU
EEE
132542
24671
62422
136066
138654
139913
146831
EEE
133131
50411
142231
14485
OOAOUUUEIE
137820
29452
143819
AUI
38802
145389
AEOEIIE
33391
22081
42710
25953
129654
20982
31878
134906
69975
141034
29946
45512
142988
OUIOAEEIA
134948
36971
140005
AUI
OEOEAO
122859
124520
46746
IUAAUOIAUE
32378
126999
EAUEEUO
103479
OOAOUUUEIE
45075
95867
45253
IIIIU
75736
82836
UEAE
77788
51776
80617
85451
25029
46325
89646
92064
92197
94924
OAUOUAIA
36967
68648
78314
73447
55090
55090
78411
55090
73447
61441
OEEIEOOO
74380
28955
58917
78400
38467
48464
81931
83393
AEIAOE
82479
68626
IUAAUOIAUE
61441
UAAIEUO
45253
60782
66472
75848
38525
IUAUAI
31788
71636
AEIAOE
38467
45977
OU
41406
29037
37074
30203
36856
IEOEOAEEUE
35534
33966
42166
40067
42653
48551
OAUE
17141
23510
27145
27311
AOUEAO
32378
EUOAIAIEO
6583
33931
51145
18338
38327
14485
26138
50243
EUOAIAIEO
8627
16243
36906
18377
18637
24472
29707
36926
41505
47515
41570
54702
57975
64750
50243
74431
38467
28524
77415
78312
61441
34863
87839
92480
94770
95883
96446
36906
104678
51145
OUEEUOA
86114
41570
36967
88623
UAOUEEO
51776
89323
31788
68592
76152
22319
85295
41215
52607
41406
94425
102062
14485
102621
105458
107505
113344
113794
120813
130580
139499
51083
141753
148733
52088
41406
156772
56363
32378
166313
54459
172628
UUOAE
37074
54459
EEE
156933
158629
162942
166963
45157
51776
O
37611
EAE
51776
122331
62953
128417
41811
131239
54459
IIO
138813
141151
89323
142413
37611
150312
157964
167352
169510
178720
182811
186877
64386
34097
IIO
195629
201313
203862
38467
OAUOUAIA
196907
206361
45157
EUOAIAIEO
97005
186334
51776
188712
65286
194130
72812
57474
201663
AUEEOOEA
71717
37611
185515
188231
25557
51776
89323
194042
41811
29338
97005
68060
39302
201882
203434
IIIIU
27003
42305
IIIIU
180871
IIIIU
I
60515
187221
54459
194143
194288
199911
205065
89323
I
205710
215299
OOOEUEE
193593
OOOEUEE
197919
UI
171485
175725
177586
178291
68060
39302
179680
I
158962
166090
170754
67469
51472
97005
176860
38467
97005
180723
33966
187334
28955
51776
195101
71717
197562
35359
50272
197625
69382
202109
211060
219916
228557
OUEIUAAAOO
219059
UI
60515
55090
64386
44795
210680
EAE
EAE
AEIAOE
148193
153173
EEIUAUI
144453
146277
39610
48507
148723
148944
EEIUAUI
147994
EUOAIAIEO
EEOII
108589
114012
118679
53461
124615
99554
53461
OO
113835
121991
51472
124859
64386
63661
124952
132906
137040
145056
OUIOAEEIA
59082
136673
143935
151073
EEE
136872
140575
147789
68373
57324
157054
68060
25557
166422
171604
O
154194
IEOEOAEEUE
129932
136587
86180
136600
141874
148658
149234
67469
41811
63313
IEOEOAEEUE
154813
159665
OUIOAEEIA
57161
133333
33966
140344
142809
147957
EAUEEUO
143071
150962
157516
EEIUAUI
33966
137048
143067
148440
98711
59082
148598
154475
155552
156036
163318
170674
AEOEIIE
150502
63257
156926
55064
OIOAA
65883
UEAE
OAUOOEU
IUUOEUAAUO
92765
OAUOOEU
85343
92857
41587
65896
94785
102069
39610
UUOAE
89553
95703
OUEIUAAAOO
62598
96771
35922
103436
OU
79941
47535
81310
IUUOEUAAUO
59054
67469
65317
63186
63245
68081
OAEEOOIO
66797
68639
35922
74467
82958
61483
83946
90011
91001
61483
94255
75751
99246
OO
OAUOOEU
75251
77983
51472
79732
61483
EEAUUUAAO
78539
83058
85774
90399
94765
98974
101752
103215
48808
111877
78942
119592
68373
121420
127587
133983
136367
65896
53018
143084
148981
64432
156960
163627
164751
47261
60217
171665
174023
175448
183552
IUAUAI
89916
169745
177978
186502
35922
193595
O
188451
190672
65747
198244
205960
61818
212721
215295
48302
221348
229200
236689
236838
49022
106988
242554
OO
232169
234604
I
228636
UAOUEEO
78942
68373
212328
OOAOUUUEIE
78240
201344
40913
EAE
194185
201470
67469
207074
216584
50051
225974
226962
228905
228906
229755
235457
OAUE
UEOE
38212
87371
45172
197318
53018
198961
201427
IOOUAO
45172
204953
77249
51577
212537
220285
223811
79349
227428
236952
73860
A
73860
234032
OOAUI
210605
211110
211838
IUAUAI
193327
64842
197797
207793
82449
209851
213729
67469
221332
230975
48099
47320
65747
240309
86286
50267
249649
AEOEIIE
41587
252371
262250
EOUIIE
255997
265845
272827
35321
282079
291676
73860
69836
85660
292454
OAUOUAIA
281466
OAUOUAIA
264170
117186
270555
279100
284653
80267
35321
291705
I
281398
282988
292706
300860
310370
53464
88306
314583
315491
49036
54850
AOUEAO
294771
301636
307183
312821
80267
316996
76771
325220
327359
336758
AOUEAO
108127
88306
336757
344553
UEAE
326304
AUUOEUIEEE
302351
73033
45305
86765
UAOUEEO
284413
287742
A
273166
58015
277130
282554
56321
282627
64842
UAOUEEO
97063
285200
108127
291807
75041
299766
IIO
294778
300877
305813
75041
307529
314081
314353
92901
EEE
79012
315013
317015
326191
75659
335990
114410
343838
UAOUEEO
327672
UUOAE
70286
321827
35321
322371
93265
61252
108127
IIO
I
51577
44594
AEIAOE
64842
301550
OEOEAO
286598
57092
92901
41587
90973
54098
44594
295781
OEOEAO
54653
OEOEAO
IUAUAI
264375
67686
UIIIIOAU
80267
252538
260446
264874
OAUOUAIA
266836
93265
75041
UUOAE
62528
251852
252847
UI
233276
233900
62804
241498
245752
254809
255469
UUOAE
248253
250692
260311
262540
64842
A
IOOUAO
254555
AUEEOOEA
102483
68117
AUI
101446
64842
92091
240450
244714
AUI
243596
68117
67355
245709
AUUOEUIEEE
67355
250068
76128
256699
114410
108127
257022
259291
71385
76377
265158
I
57092
63792
116320
269924
275220
285160
289913
296157
299055
105522
301374
303627
35321
89274
AUI
79089
286101
289255
296430
OOAUI
AEIAOE
68117
60497
68117
273282
75482
OOAUI
246482
248116
62598
OIUUUEE
241856
57092
116320
102616
51577
OUIOAEEIA
223009
230767
239844
244976
248871
250194
257750
260845
264057
264711
UEAE
IEOEOAEEUE
243464
253299
62598
262448
EEOII
249933
252014
253399
44594
257313
266847
78981
63608
269481
269562
63792
273796
60497
280031
281811
282478
290442
81027
EEIUAUI
51577
79612
OOAUI
268494
276766
282110
289682
293524
300578
306173
308170
315208
O
294600
304014
63608
109002
308893
309587
315755
317000
323688
68117
326835
102616
328248
329313
116320
337216
342626
352235
355310
75659
OOOEUEE
116320
68117
340960
343431
101446
A
320828
80811
UAOUEEO
81027
311572
71813
313947
316001
82349
324319
333455
51577
70932
95953
47006
AUI
322485
81430
80301
323878
73133
147596
84660
75482
327753
335969
AUI
333922
EAUEEUO
72364
316513
322843
118549
326919
AEOEIIE
324273
71385
81027
324468
328600
118549
331351
53483
AEOEIIE
335500
77912
337714
344510
349002
356124
73133
361001
109002
370171
AOUEAO
348296
80301
109002
352302
361317
75482
105972
366102
111882
373531
79102
76377
380547
382987
57092
82349
EEIUAUI
378630
EEAUUUAAO
77242
373701
IUAAUOIAUE
51577
363582
369264
100202
376512
377328
OUEEUOA
64842
373641
91262
84660
375936
384508
390514
390805
400518
88129
71385
78390
AOUEAO
404375
407325
UAOUEEO
400533
AEOEIIE
OAUE
OAUE
106919
374281
47006
90299
374599
67004
382052
118549
IIIIU
378950
IUAAUOIAUE
370065
105972
371269
372344
105487
102583
66433
89274
69955
74604
376470
74604
102616
384615
393977
60497
AUEEOOEA
80811
393184
398911
400185
401020
EEE
47006
116044
75482
373604
89274
71777
381888
387334
AEOEIIE
71813
153956
AEIAOE
118079
346670
354163
361261
361800
OIOAA
OIOAA
60497
81027
103901
340825
60497
139582
343955
38713
353895
OIOAA
358508
360125
OIOAA
153956
67004
103775
366662
376057
383405
105972
OOAOUUUEIE
363150
55301
371577
372892
379581
385340
UIIIIOAU
387649
394505
102248
396554
118549
IOOUAO
393550
402444
410844
416426
58142
IEOEOAEEUE
38713
153956
397834
UEAE
392590
38713
400551
405618
409558
82349
411747
418700
426080
429769
431132
52990
436335
74248
82349
OOOEUEE
417229
425902
94279
94869
430541
IUAUAI
75482
OOAUI
401127
404969
411355
EEIUAUI
68011
82349
404285
411285
416693
426027
66896
429373
58337
435839
441203
89345
442462
448017
453417
118079
463078
465448
466332
467820
66896
468718
73799
EEIUAUI
474176
474607
479799
481929
95092
106324
71813
148062
103901
OOAOUUUEIE
108562
92707
477983
72364
479200
110105
148597
IOA
82349
454000
IOOUAO
437845
99165
441288
447761
81128
OAEEOOIO
446098
451331
458179
118079
467623
70451
52990
474086
116044
106631
480021
484545
75482
490230
494818
93662
497250
500395
500678
70451
IOOUAO
82349
488108
OO
OO
UI
473610
482886
57515
UI
488305
495365
81128
IOA
75482
482208
IUAAUOIAUE
480094
483674
38713
89345
UAOUEEO
477818
487039
149672
AUUOEUIEEE
478612
O
462295
464101
58566
467596
OUIOAEEIA
448234
100372
IUAAUOIAUE
435912
74748
441051
OAUOOEU
418096
99713
422570
423876
153956
429412
93085
UI
74130
418351
96606
100539
421770
422123
59229
116443
430425
93085
433647
438059
38713
125671
441050
447545
AUEEOOEA
439621
UEOE
120149
A
417108
424031
EEE
72364
418099
427328
429431
435219
444909
58566
454434
460437
EEE
EUOAIAIEO
98645
155916
446454
448024
81923
100372
81923
149672
96606
75482
88553
OEEIEOOO
449760
458949
468456
AEOEIIE
67231
EUOAIAIEO
412596
EUOAIAIEO
149672
IIIIU
398928
403044
408324
I
398248
402222
408605
A
98887
393852
A
IIEI
365250
OOAUI
345423
354793
105972
355452
356076
364838
371323
374552
AEIAOE
362525
371963
AEIAOE
372158
82292
AEIAOE
EOUIIE
366967
112929
370522
93085
OOOEUEE
74458
UI
OAEEOOIO
128019
IEOEOAEEUE
295980
297416
EEOII
301685
125671
303788
310823
316101
IUAAUOIAUE
306422
314227
66518
82292
317822
131559
112000
79317
320842
112553
38713
326684
330895
84602
110109
OU
117195
AUEEOOEA
EUOAIAIEO
270271
O
OAUOUAIA
265156
OUEIUAAAOO
260925
270890
275039
275554
131559
161851
116044
112000
282033
81986
287051
81986
293813
303140
310334
313091
72411
126053
119276
314150
OUEIUAAAOO
IOOUAO
100154
291119
293191
102923
119276
300297
77972
305212
311511
EEAUUUAAO
119471
EOUIIE
161851
98887
296643
83108
304557
308341
316172
320149
OO
OUEEUOA
314682
315011
77972
OUEEUOA
320340
119424
329699
101928
107735
333529
336426
337280
OUEEUOA
119424
336965
112000
140507
344599
354465
359706
161851
OUEEUOA
357429
161851
361967
367993
76043
368569
376421
OAUOOEU
116044
117339
363852
78188
368723
161851
371508
103682
373891
383831
AUEEOOEA
EAE
IUAAUOIAUE
UEOE
338777
112051
OAUOUAIA
334135
OAUOUAIA
161851
340918
OAUOUAIA
347496
134731
354976
AOUEAO
117339
OAEEOOIO
AUUOEUIEEE
324425
326675
326978
332534
126053
121169
120015
117339
340174
341927
347715
350520
126053
353913
EUOAIAIEO
121169
342902
AEIAOE
334786
343517
346449
349232
351928
357258
AEIAOE
362118
364791
373044
134731
381117
383381
392529
399171
OEOEAO
UIIIIOAU
109309
EOUIIE
126525
365173
372396
377920
OAUOUAIA
117339
363318
368624
OAUOUAIA
97845
OOAUI
84324
EEOII
326433
331241
107618
118606
IIO
315354
320700
325747
EAUEEUO
IOA
AOUEAO
279475
UUOAE
UI
259428
267019
114601
137214
270804
272331
278608
282477
101928
122254
109309
126053
122254
OIOAA
280361
288392
296305
100603
OIOAA
123284
302415
305848
315641
323109
328706
334116
338229
137214
OEOEAO
83377
OUEIUAAAOO
119647
126053
UUOAE
298332
302175
116984
310928
89830
316044
321930
331732
OAEEOOIO
322830
326463
OEEIEOOO
OOAOUUUEIE
137214
274928
EAE
128663
271418
276726
83227
OO
138556
110977
260122
OIOAA
103269
244886
245561
132562
249774
253925
OUIOAEEIA
107618
258756
100603
259474
264707
117358
273117
279049
UI
UUOAE
81672
143501
254845
OIOAA
250702
251842
261727
120380
EEAUUUAAO
237628
105850
246382
87129
252776
255225
255983
81672
264280
269733
278803
45475
137195
288604
296355
131333
297997
OOOEUEE
UAAIEUO
264769
266511
OIUUUEE
261006
129371
130190
264554
271560
271664
121503
107618
272002
86050
146629
272214
279728
121169
135046
159023
286284
100603
143264
OOOEUEE
126053
IUAUAI
267896
139785
270903
277972
100603
279165
53388
282218
IUAUAI
100603
116779
159023
53388
286581
123883
142821
292524
295592
297743
UIIIIOAU
294528
303606
310637
311791
312189
OO
292059
109309
300671
146629
304548
IEOEOAEEUE
UAOUEEO
130400
117358
124199
270158
279175
129371
UAAIEUO
284488
286969
289047
98999
100603
290117
182974
300092
308412
313340
149587
313859
103364
322473
324673
331541
109309
113028
AEIAOE
314363
322409
323707
98999
325131
AEIAOE
146919
119647
325329
334797
337008
344883
AOUEAO
98027
138668
116779
140137
341172
EEAUUUAAO
324157
128186
149587
130510
326233
AEIAOE
123261
AOUEAO
270382
272015
280172
AEIAOE
275251
275326
281520
285473
294287
296669
301915
131333
105836
309164
AUEEOOEA
291933
300785
135388
308510
143390
310867
OUEEUOA
119731
114609
135046
153679
99167
OAUOUAIA
149719
299130
306404
312937
OU
291747
300146
81672
306566
146919
313321
OUIOAEEIA
AEIAOE
166537
281045
286901
287701
OOOEUEE
266864
273801
274276
282330
101939
282732
O
OEOEAO
247864
252744
OUEEUOA
IOOUAO
204544
137975
207238
207800
214034
214881
102994
88274
218668
129706
222114
110395
226346
110155
230859
144657
231409
236599
82995
142306
94720
109309
241461
249349
110155
252754
153423
261052
137404
113028
261237
267573
275793
IOOUAO
153423
279452
EEAUUUAAO
283860
146919
146919
143390
EAE
149587
270236
275034
AUUOEUIEEE
UAOUEEO
237137
238535
247573
257496
258766
268127
IUUOEUAAUO
268720
269718
88274
113028
69383
146919
277617
149719
285172
288572
297954
IUUOEUAAUO
143065
127693
300915
OO
274588
282338
286300
137404
286710
168269
69383
292790
149587
297254
143390
300805
306213
EUOAIAIEO
150057
149587
OAUE
149305
168269
273120
281488
289752
292543
294244
296007
OAUOUAIA
283545
286671
292889
146998
109384
300041
306814
OOAOUUUEIE
143065
302391
EEIUAUI
280609
129407
136002
286714
289994
OEEIEOOO
OOAOUUUEIE
274651
281628
282783
291608
295451
152101
105495
304563
149587
311574
317756
84029
207602
110203
AOUEAO
306274
314260
143065
324196
327994
153531
154193
146998
UIIIIOAU
319783
322088
329743
335735
OUIOAEEIA
134372
OIUUUEE
291616
293443
154193
300353
306157
109374
106431
117134
314040
183999
322644
153531
329948
336955
183999
152101
345612
122484
352663
OU
169122
349833
156212
176489
355958
143390
84029
125593
356535
140539
OO
EEIUAUI
327042
333417
174935
110155
127693
UI
318620
145965
325155
OEEIEOOO
OIUUUEE
132032
132032
123214
172604
170520
101924
286918
287840
OUIOAEEIA
278923
EEOII
132032
262811
269653
136002
181897
O
253722
138407
255787
IUUOEUAAUO
IUAUAI
220811
UEOE
204221
211355
219792
222580
220385
152352
225512
OU
EUOAIAIEO
207611
IOOUAO
157074
200569
207447
143065
208280
215594
132049
142306
119467
218215
118523
227610
OU
219396
223055
149587
EAUEEUO
119467
106431
205164
170520
OAEEOOIO
150532
156238
182546
189188
143065
197782
146994
204337
210155
152352
211806
103190
214054
221604
224509
234144
239306
133795
240192
249583
254429
256975
OAEEOOIO
109374
261715
OOOEUEE
109374
264915
268904
106425
OOOEUEE
273518
A
165607
267876
170067
273564
274588
OUEEUOA
261057
AUI
238156
242965
247943
257157
265022
146998
164823
267539
EEIUAUI
146998
92871
253466
147160
EEIUAUI
OAUOOEU
234741
236689
246244
OEEIEOOO
142001
241809
OEEIEOOO
237061
241271
247563
IOA
237988
UUOAE
237708
241094
249326
250488
103190
260352
269837
271865
280547
286275
289231
138147
UAOUEEO
OOOEUEE
OOOEUEE
274900
282195
145235
136323
OOOEUEE
261926
171353
263603
108459
IUAUAI
146998
250152
255958
259572
262728
106425
270945
132916
IIO
251172
255583
261477
269505
277626
134319
284996
290222
118523
297537
OAUOUAIA
OUEEUOA
139796
274002
274214
275509
132366
281997
AEIAOE
265687
275058
276363
283304
292912
298714
301879
120936
155108
179680
303225
OAUOOEU
235212
145235
284401
142342
UEOE
282302
291188
OUEEUOA
OU
269430
279052
283834
OUEEUOA
271641
280039
283917
289528
297740
184482
301697
308687
155349
131308
108312
318446
157074
162973
320971
UUOAE
319111
323840
325684
332375
337840
146998
338390
345114
UAAIEUO
325446
330390
334439
341680
OIUUUEE
342285
EAE
322656
147999
330462
335292
119467
114535
340742
150595
344087
114535
348389
353733
357329
359819
173359
143657
119467
367786
369291
376882
378611
108312
137012
384839
385395
389596
EAE
386944
389817
OAUOOEU
141909
195582
146998
382090
182014
OUEIUAAAOO
146998
183272
361303
173359
366022
138407
373370
178681
151377
OUEIUAAAOO
370832
375830
151459
384457
385193
387583
393377
159359
113708
155349
403321
126412
406042
413072
415129
155349
420924
195582
IIIIU
OUIOAEEIA
118000
AEOEIIE
368991
370259
380106
119467
385740
138407
391789
395370
398032
183272
129039
IOA
393768
396384
104352
153054
134922
IOA
147999
OAUOOEU
377102
385405
IUAAUOIAUE
IUAAUOIAUE
367613
368025
IUAAUOIAUE
154107
364357
370194
375357
378202
OAUOUAIA
141909
169976
IOOUAO
IIIIU
326489
333118
337113
145235
340785
151377
171353
184482
340788
346248
353481
359755
362884
366298
372333
374155
375056
378272
386091
141909
AEOEIIE
IEOEOAEEUE
356593
362082
364524
372149
160772
380918
389688
108312
399427
181822
401889
UEAE
137583
184482
AEOEIIE
141879
137583
366531
154107
168430
374745
108312
199497
127717
141909
173359
173359
384157
392755
AOUEAO
166264
UEOE
UEAE
347547
351400
171172
160772
129200
AOUEAO
332835
UEAE
316047
316894
147223
UEAE
158312
129200
318754
OIUUUEE
OOOEUEE
A
UUOAE
203698
178202
266065
156820
270141
185646
IIO
137583
163389
184482
270499
272540
189789
281998
198103
AEIAOE
269818
270162
277821
283483
160772
290889
168029
166906
161779
137583
162606
189789
UI
277197
O
273550
274940
282979
175881
127087
IIO
IIO
253649
263211
AUUOEUIEEE
245192
172973
246505
172973
249785
172973
163389
203698
251575
OAEEOOIO
237844
203698
119243
133184
245784
252941
254946
184977
IIEI
248213
170622
257378
EAUEEUO
251309
149861
143043
149861
254796
260553
180420
268859
143043
145471
EAUEEUO
180588
265378
273355
278130
127087
160772
283974
292134
297319
AEOEIIE
174038
276667
150142
282964
150320
284137
288146
288153
190912
150142
AEOEIIE
UUOAE
253178
254469
264004
271542
281054
171353
191017
286632
293176
167183
295600
97129
301053
302902
149861
310818
311879
317351
171353
323408
184251
333035
334797
157114
344257
349037
358367
363375
168996
AEOEIIE
OUIOAEEIA
331718
336034
141909
191017
343723
122079
145471
346557
167183
350742
354642
358268
97129
187528
150320
OEEIEOOO
169568
185646
162606
348178
353557
162606
172087
156820
190841
361452
127087
366812
372218
184251
378441
385297
387284
394719
402301
411965
EEIUAUI
389304
187528
149861
394270
398589
145471
400823
188391
403809
223229
412793
161779
163788
128012
418680
EEOII
421356
119467
172087
424340
261958
OEEIEOOO
414698
141909
423108
EEIUAUI
403137
412724
422242
427706
223229
430371
430411
439992
EEIUAUI
447452
456783
458234
461974
196043
196043
471388
477648
162606
480656
264171
154396
OAUOOEU
467669
197457
468275
128012
UUOAE
457987
467539
475471
IOOUAO
474894
UEAE
192702
453168
162606
127087
460394
465038
470536
472887
476405
170463
OU
465196
466057
472076
172087
191017
476430
206622
162664
137375
485643
OU
489011
OAEEOOIO
495249
499918
205994
137375
507691
161779
129763
163788
513959
AEIAOE
166264
184251
501767
505455
150279
513680
517661
522451
528193
122079
194150
EEIUAUI
119467
AUUOEUIEEE
507591
120842
186918
206622
I
184251
272646
485960
150142
163788
494706
502604
510509
OOAUI
498651
EEE
475871
182629
162606
477194
477358
482972
484499
272646
EEAUUUAAO
456438
166264
459682
128012
466478
OEOEAO
OIOAA
AEOEIIE
O
148906
EUOAIAIEO
IIEI
340672
345480
194384
346087
346967
EEAUUUAAO
IIIIU
305550
314287
229017
316185
150142
325976
334910
336026
UEOE
209490
318876
323359
206194
191586
326686
190841
331192
340430
151452
EEAUUUAAO
212028
177201
209530
170235
175238
166886
319674
127087
171830
201718
320169
162664
193335
320303
215775
322443
188881
332409
335568
344785
141733
171830
345231
349473
EEAUUUAAO
UAOUEEO
175238
212028
UI
317748
209530
321909
UAOUEEO
297093
305413
308245
310776
173281
319553
209530
167674
326218
150142
329175
OIUUUEE
308668
173281
UAAIEUO
305394
307372
OUEIUAAAOO
168924
283420
292276
294125
299758
140121
303592
AEIAOE
300057
OOAOUUUEIE
UAOUEEO
219801
229017
243421
249629
AUUOEUIEEE
226862
OOAUI
215137
219804
213871
208418
EEAUUUAAO
IIEI
164425
182403
182871
149904
190712
195107
198644
OEOEAO
193335
188542
214248
160805
194873
133451
146558
180736
EAE
UUOAE
142228
173860
209945
157346
OEOEAO
161481
168527
171868
201911
173860
185308
AEOEIIE
OAUE
225327
161030
131201
191364
161725
180209
164155
AEOEIIE
135861
UEOE
EOUIIE
EAE
UUOAE
214248
185308
EEE
90769
96582
AEIAOE
88456
98069
98753
187933
102200
111355
114249
114978
119223
124812
AEIAOE
131154
168924
199286
132403
134974
139010
145719
151651
155324
174447
IOA
232443
194391
EAE
180209
201911
212241
161779
175748
127573
146558
IEOEOAEEUE
214828
EEIUAUI
93240
101739
111152
220656
118958
127810
136501
223899
145056
145515
154206
194391
163286
168440
171360
178240
187961
194384
EEIUAUI
193063
155158
185186
199379
146489
172904
199891
203993
165422
213987
EAUEEUO
193793
200220
211115
211396
212241
219315
169154
AEIAOE
200220
200726
185186
207434
211303
169154
218931
219898
220148
OU
206705
208011
AUUOEUIEEE
OAUOOEU
OUIOAEEIA
174375
183925
OEEIEOOO
150641
150641
I
134876
IOA
150641
114486
121213
238774
129055
132965
134017
138988
UAOUEEO
202873
193522
146489
UAOUEEO
205770
105949
109166
208414
118987
121547
220656
150641
IUAUAI
123939
127412
136526
144731
151480
286415
151670
175734
161391
193522
169257
232996
IIEI
EEOII
226011
AEOEIIE
147567
148619
208911
151073
250549
152441
150599
206705
IIO
146894
151279
173256
203991
161013
168576
164133
173092
250549
194384
134158
150599
176608
181059
202873
286415
IOOUAO
177864
187714
189228
EEOII
238774
164388
UIIIIOAU
EEIUAUI
111303
203991
117933
119783
124260
131845
139912
206705
170867
141019
145128
146990
205688
147465
150971
152693
156375
250549
157275
220140
220140
160301
231215
166769
208414
164465
170262
148619
180028
208414
185386
184764
189221
174447
198186
UAOUEEO
199452
203994
205398
210403
203925
212873
165406
224673
216201
OUEEUOA
218397
156279
194391
224817
UI
213624
218629
225946
146489
238774
172904
231716
202161
235049
265743
170867
236906
157711
243187
229739
170867
252234
I
172904
247500
254505
261674
206705
157711
135285
263139
229739
269061
276340
278181
202257
EAUEEUO
190298
IOOUAO
309471
207120
IOOUAO
205688
239365
258433
241112
134372
250567
259621
267609
UAAIEUO
EUOAIAIEO
208414
253586
257211
259617
269138
209770
OUEEUOA
252315
259557
I
IIEI
222844
OOAOUUUEIE
UAAIEUO
168928
173256
IIIIU
194559
201126
208928
148619
211739
213494
230101
EOUIIE
201962
208536
214103
220725
160805
AUEEOOEA
175732
141739
202241
148619
OOOEUEE
162716
186066
191588
180211
195675
205161
207760
205688
160805
210530
202257
210540
212734
160805
211013
212356
213723
237505
197388
217760
224846
258433
141739
231685
241364
249503
173804
210072
146489
253430
232114
203991
202257
141739
258401
263384
203925
273318
OAEEOOIO
264863
271841
OAEEOOIO
270811
146489
203925
194407
UAAIEUO
245221
AEOEIIE
EEE
UEAE
181266
182813
230101
191147
197388
169336
185280
200173
232061
UUOAE
AEIAOE
164269
AEIAOE
162229
163073
175172
191147
AUI
AUI
156060
156940
165057
171399
234391
248703
181128
189706
190852
195106
198418
204762
329624
194407
210878
329624
I
203392
258433
207120
210072
162716
210176
172539
218666
210072
205688
225915
174447
234391
219441
232133
239279
242648
UI
238774
200173
222191
227198
OEEIEOOO
EUOAIAIEO
146489
175732
146489
211075
175732
193145
201261
203230
209308
214287
220766
UI
220234
205086
208414
209255
211301
AEIAOE
165486
IOA
186721
193849
200654
209848
219120
OUIOAEEIA
212168
247904
257482
205688
219470
227790
184940
232214
146489
236843
143780
OOOEUEE
141114
202257
227715
191147
219441
171522
267437
234229
IIEI
177779
200955
227930
250046
211122
216059
221051
AUUOEUIEEE
IIIIU
174179
182815
200625
187524
191806
208201
200102
201864
250046
148619
204546
209109
169336
UEOE
194985
OOOEUEE
250177
187251
192782
198984
202101
269080
173685
205049
210164
181960
339868
214494
214760
200955
220425
226854
159146
231043
UUOAE
219454
221420
224056
EAE
199535
IIIIU
EAUEEUO
165960
176573
IOA
177328
181841
177779
182380
219441
239708
188524
196160
181758
201756
204895
212024
221438
222713
OUEIUAAAOO
208443
217546
227069
182858
250177
IOA
207572
UEAE
196463
176464
219970
205049
202257
165960
200173
214384
202257
186310
214452
208201
222287
OOOEUEE
210570
235394
134372
211571
214327
220746
229573
UEOE
250118
171127
171127
223012
231348
232150
240246
248967
253410
OEEIEOOO
OAUOOEU
210940
214866
220719
225313
228478
186310
235163
220439
244718
250177
151117
245753
OUEIUAAAOO
226350
231006
232056
156989
252809
233759
241956
159987
251426
259876
265065
A
256139
262064
219441
267120
268036
275264
OIUUUEE
273849
282374
288213
294653
191811
186310
250555
AUEEOOEA
277631
284896
294583
296660
252809
300190
215783
190654
219970
306452
316384
IIO
250555
305440
186310
O
187850
296346
301401
179293
309542
208947
205971
315284
348164
322304
328099
331821
336369
336801
250118
191811
182495
345434
348222
356007
357942
264350
184706
361196
UAAIEUO
355317
AEOEIIE
230875
IIIIU
242721
190811
183981
241891
231424
182495
215783
318552
151996
220978
AUEEOOEA
295965
299967
307133
312820
316803
326465
IIIIU
305191
310993
348164
219970
311357
320107
173685
328155
OAUE
307466
316105
317609
268331
327500
OUEIUAAAOO
231424
231424
246491
274063
OOOEUEE
292293
UAAIEUO
219970
293578
301058
250555
303048
310661
264350
317663
324786
186310
327578
161551
333916
UUOAE
UUOAE
318931
264350
AOUEAO
225874
310625
156989
314899
323350
332811
335687
183981
161045
341500
AOUEAO
340607
178613
250555
IIIIU
327204
334794
336632
159160
249094
337507
341454
347281
196405
219970
351173
196405
356137
249094
362082
253859
364897
EEIUAUI
358563
221894
214240
367449
351256
250118
187684
OUEIUAAAOO
242344
365571
179222
369896
205971
374776
381307
381934
251547
389393
UUOAE
196405
391128
261121
161045
394574
I
372776
377793
385636
214438
391993
268386
251547
397566
404242
404855
199075
274063
UEOE
184706
242905
394651
402633
406504
225874
250118
410698
179222
414311
416541
420495
427800
433801
433898
438482
183493
183981
222971
249094
179222
442795
443223
445293
450513
458414
464963
214240
467880
250118
476839
485707
179222
494740
496310
356689
184706
242905
503002
508893
186310
512016
198263
225874
515124
519718
242344
167390
242344
222971
520371
222971
522599
523009
OIUUUEE
514722
522606
531817
AOUEAO
216486
518222
161045
526524
249094
219970
536081
543557
551866
559824
569483
577062
585260
274063
251547
242942
OUIOAEEIA
571015
196837
572273
572637
582399
