9302
13429
16030
0
24490
UOIIOI
UOIIOI
UOIIOI
9277
9731
11232
IO
0
13281
0
AOUEUUOUU
OOAAAE
10755
0
0
19431
23131
0
0
25383
31889
41310
0
41850
42838
47774
47857
0
48300
48836
0
EEOEE
50325
58577
UOEEIIA
55519
0
0
59634
0
69609
69987
79735
85362
93602
0
96991
105768
UAUIO
0
OOEIUUEIOO
71185
74048
540
0
988
82738
AOUOO
76934
84671
0
0
0
88879
AOUOO
97787
107733
110766
0
0
0
0
112843
113865
0
0
0
9242
0
0
0
UUAIEA
0
UUAIEA
0
87709
96297
0
99044
107216
0
112758
0
118121
UOIAOAAU
95865
104725
0
107133
IIIEUOOUUO
IUO
0
83504
0
87073
90522
99909
EOUAII
U
80988
90949
99384
101942
104041
OIIIAUEI
90803
10338
100508
540
101357
1900
0
102994
0
104606
108250
109857
0
0
0
117755
126488
AUUIA
129671
137759
0
140040
141758
149832
0
159184
8588
165518
166711
167166
176581
181960
0
183003
191681
0
193478
194442
1022
1900
0
0
195261
UUAIEA
172283
174212
182547
OUUIEU
177742
181510
0
0
187022
188117
196738
199969
0
4208
0
0
OUUIEU
204775
0
6523
208909
217988
222725
0
0
IAAUE
215854
0
0
EIE
209419
0
0
IAAUE
208775
2747
216081
220629
0
AOAAIIEA
0
EAOU
189874
OOIOIIOE
3958
177150
179778
IAE
174410
181340
IEEEO
1501
0
172698
173699
0
179678
186640
0
EIIAOEU
169882
0
0
173676
175830
185784
0
193240
17090
0
202539
EIIAOEU
183436
190113
11693
2863
EIIAOEU
1389
197589
198680
0
OOIOIIOE
180650
UOEEIIA
6523
0
167059
0
EOUOIO
161103
3389
161353
821
0
164389
173964
EIE
163796
3033
OO
149958
156922
165335
3231
UOOEEAEEE
OAEU
0
0
108729
0
116090
124937
8708
0
0
129380
132940
137738
140570
IEO
140504
149689
EOEUIU
0
134911
143086
3569
146251
0
AUI
141860
10458
0
147908
157533
EUI
135139
136204
3449
140281
3250
142094
16424
149526
151993
9299
15655
OEIOUUAUEE
0
3697
1501
UEEOEAEAO
0
17297
9390
119211
13892
0
119372
8053
124401
6506
134238
137771
10458
142668
3231
0
145980
UEEOEAEAO
1501
149240
0
3231
IOOOEIOOEO
146679
149306
0
150696
150998
9954
158181
158746
163682
0
165038
1607
1607
173709
0
174559
0
0
4599
1043
0
176653
186532
0
250
189730
3785
1612
194522
204502
821
210610
211263
216252
5627
221524
224014
232737
235887
241127
24341
IOOOEIOOEO
7331
UUOEEAEAO
228760
234432
240708
OOAAAE
EUEIIEUIE
211413
AAEEEOEO
198226
201179
8666
210647
216014
9242
AOAAIIEA
212198
3697
220065
8588
0
14799
AOAAIIEA
224529
0
227487
0
234769
17090
237087
OUUOEUUE
222987
231742
0
0
3444
241280
247282
251580
251678
253856
259580
262928
265104
19348
5542
274121
9575
8666
1095
277945
3697
EAOU
281092
5627
2863
290894
0
8847
293373
301291
0
EOEUIU
290520
292461
297891
17186
0
303229
AOUEUUOUU
EAOU
289949
OIAA
17090
273059
EIAIIA
AUOAOAEA
8704
247793
2832
253400
256706
3800
0
256723
17186
AOAAIIEA
242246
244633
249694
249930
402
EOUOIO
253655
253849
0
259834
268439
277186
282921
IIEEOUIOOI
269093
276769
AE
276225
0
279603
OIAA
5627
5979
267466
250
AOUEUUOUU
266992
269902
UEOIU
0
6108
249214
0
254307
AAEEEOEO
250833
EIIAIO
230875
235689
237765
238912
241673
UIAA
246509
247094
250
255632
262558
UIAA
268342
988
0
AEUAOA
261254
271152
6523
279781
17090
288136
0
0
291873
295673
8588
295714
8704
300523
AUUIA
303261
AUUIA
4989
302144
EIE
279029
17090
285567
288563
6332
0
298149
303839
304688
309626
316386
317889
0
325111
IAIEOUAU
297905
303630
309136
3372
316847
322987
323759
330026
0
337515
19370
0
340149
0
347350
AEIUO
EAUUAUUEA
336506
338354
UEEIIOIE
EAOU
293639
9720
0
0
296814
18174
300141
301496
305572
17186
307828
3389
IUUEAEAIEU
298151
IUUEAEAIEU
296305
306048
307685
312182
314196
324137
330862
332949
9050
337872
454
4077
11580
8690
7183
347736
352934
5979
AIAOIOU
3389
10995
349057
352380
360436
362435
2467
18174
369157
376155
378309
IAE
375015
OOEAUOOI
357038
359228
367940
369617
11580
375959
384677
388901
0
396192
396875
AEEUUIEAUI
377802
378272
IAAU
IOAEUE
360203
368184
527
8755
375251
AEIEU
366544
374404
378045
381560
384542
394206
IEOIAUIIIE
AOUEUUOUU
161
351499
358397
363390
18174
372301
372554
380223
387804
2910
393305
397816
402951
405794
0
411006
IOOOUA
1941
IEO
372880
374524
378122
EIIAOEU
376303
17333
AUOAOAEA
362174
12087
371014
7306
380272
OUIEIAOAI
370388
370534
10338
3569
U
AIAOIOU
EUEIIEUIE
22492
344255
351920
14043
360177
9960
2761
5553
4077
363385
1043
10343
964
EEU
355119
17333
10192
362538
362849
368247
OUOIU
363060
363150
372094
374534
17259
OU
EEUII
1941
369621
371471
377874
17090
4266
10271
17382
382266
EUI
379168
386179
17259
3560
395151
395661
397440
401432
404371
411757
420648
IOOA
5607
EOUOIO
408770
416251
0
3569
419881
14358
13567
OUUIEU
421286
427538
EEOEE
7306
422785
430468
431326
432979
436847
OIA
0
423174
14358
423743
EOAUUIIIEO
422701
8057
430191
18062
12881
5430
432346
437785
447355
EAAIUIIO
OOIOOAIAAE
1999
413081
414523
10258
416160
OAEIUOUOEU
IAE
10084
8747
375896
384305
EIIAOEU
34965
11693
376360
15241
UOEEIIA
15076
367965
369225
370657
371675
161
5497
374119
375574
AUOAOAEA
371409
372079
379091
384902
389657
392486
394549
2099
22956
403308
408448
416359
424876
UAOO
409264
0
417321
420132
OOIOIIOE
21727
UOIAOAAU
17197
395804
UOIAOAAU
397360
403654
404193
0
IIEEOUIOOI
392415
8747
399575
3989
0
408066
23625
UOIAUIO
5607
2910
EIAOUUOIIA
8312
377208
4238
13791
380525
386291
391756
6464
397221
404065
409320
411185
411241
9586
417043
6464
20524
426179
427537
17090
428575
433118
437586
440479
445214
17978
455076
457545
463271
471818
EAAIUIIO
450492
454470
454507
5135
462091
464712
472821
479889
0
161
483973
5497
EAAIUIIO
488761
39183
EOAUUIIIEO
462507
470237
EOEIAUEEE
UOAOOEA
439412
445703
10621
449131
2910
34965
819
453778
9502
20972
27387
OEIOUUAUEE
449338
AOAAIIEA
13315
3683
453208
AOAAIIEA
UOEAUOOA
439498
448264
454928
13182
464098
464477
467004
471788
476298
E
9107
14009
475333
478898
13182
9720
8311
484331
491366
497618
0
22361
11580
10621
498843
10821
500285
504088
510934
514612
516342
16586
IEOIAUIIIE
UA
UOAAIOE
471677
34965
476464
5919
0
22361
485331
486501
EEOEE
23972
14528
483978
484612
OAOIUUAOE
17197
IEOIAUIIIE
465502
24309
474784
478040
484666
494104
9242
496836
501614
27387
3683
2996
OOIOOAIAAE
819
483419
8911
493002
497109
502916
511444
EEE
495085
IIEEOUIOOI
480871
UIAAAIEIE
13315
6464
475938
11627
481481
17251
483654
493536
10995
494881
497513
505437
9525
512012
517479
519738
UOIAOAAU
A
483616
5553
492724
15241
16824
4077
498050
11627
499855
UEOIU
491811
498500
508355
9346
510578
21727
8678
516272
1147
519806
15076
5607
OOIOIIOE
496611
501146
509774
8609
6998
511719
520257
AEUAOA
15076
9856
1230
502745
5135
15334
IOOOUA
14844
480491
481579
EIE
8312
464062
17978
469320
AIAUUEA
22083
1230
19684
13315
470184
UIAAAIEIE
446613
452743
8312
0
460477
464241
14901
468719
469219
470316
15403
IIII
465830
IEIIUAUAEI
444563
27765
453197
UAOO
5919
448712
17506
7669
458025
466020
466217
469522
478200
6998
485651
488474
17506
17458
13767
18348
492127
21210
8678
8312
498363
502606
17458
17506
506875
38678
1147
515488
518581
AEIEU
511203
19684
515632
521170
18348
36403
521554
UAUIO
509126
28788
511318
512044
518318
518701
523268
523895
528073
AEIOIUI
515496
EIE
500214
509092
515132
13767
515506
AUI
20308
8678
509901
518588
12647
526791
17837
535483
535977
537717
543210
25218
552304
553544
6464
UOEAUOOA
527477
527650
532640
11693
542125
UO
0
522689
15403
531366
539594
UO
EOEUIU
535749
11204
542735
8678
546321
10391
46506
547577
16102
551292
558873
9525
23326
OIA
3239
16592
15076
19036
21727
11627
17363
OIA
10116
17656
9856
9107
547970
551837
OAOOIAUI
544638
548003
32243
556158
563097
13047
564111
564414
564517
8609
5191
23625
17382
567962
569173
578683
581456
13147
583492
585506
594375
599860
602942
603514
21747
607558
610587
616028
57373
625513
24849
627321
UIUIE
634596
9170
17333
639977
649438
UIUIE
652555
22083
656697
658853
659341
24385
UEOIU
AOUOO
20955
630493
631428
633518
641332
650376
657021
663454
673327
14672
676217
16548
685166
694217
UUAIEA
11627
4224
689005
IEO
11580
664742
AEIUO
653
652140
657724
19036
665299
672856
678467
IEOIAUIIIE
662922
4298
30098
663533
UAOO
UAOO
654155
658909
36403
IAIAEO
12647
11627
643750
EOEIAUEEE
UAUIO
608517
612106
UAUIO
EOUAII
0
598020
0
603380
609714
613939
620930
13047
626728
631452
638571
640049
640561
649752
OOAAAE
9754
20566
10559
640703
646628
9935
654236
9903
655445
665077
669464
675639
43955
679259
680932
5586
9935
685727
687103
692059
AEIUO
667805
672315
4511
24320
672935
678547
38688
681662
681993
683995
687382
29944
695816
17656
697360
697761
AEIUO
706454
708429
709942
15668
718528
8678
AUUEI
696536
698337
703147
712712
721040
9854
EOAUUIIIEO
EOAUUIIIEO
17874
IEOIAUIIIE
664549
32164
11693
670115
678269
17656
684331
686773
20566
690684
692868
1230
700134
1147
AAEIIOAA
14844
26503
680911
687380
696623
21863
41567
697709
704884
705745
AIII
OUIEIAOAI
672703
679511
OOAAAE
10391
11309
UOEEIIA
4298
AOUOO
645600
648246
649334
653762
658700
11204
668680
38817
677437
22922
11327
685763
694891
696235
703598
711819
29944
721076
31649
AOUOO
721302
724011
7183
724649
724873
730340
23971
731322
731474
5430
23625
733956
14672
9525
21141
OUUIEU
20345
17506
718298
29625
23049
4298
727828
733841
738017
OOEIUAAAOU
26336
732034
OOEAUOOI
9094
AOUOO
689576
690328
OOAAAE
679154
681046
684756
EA
666712
17837
671277
675517
677806
678524
43572
684868
686403
693048
699315
705705
17382
708870
17210
17837
711605
720678
727507
736170
744831
749293
757530
760929
36403
764239
767965
775763
777707
13147
21723
780887
EA
779715
EIE
772708
773214
776386
EEEEOO
752095
759519
AIE
21371
AAIIEIU
723396
23326
727447
15572
AIII
IEEEO
33362
16518
22544
6508
11577
IEEEO
24679
705850
710139
21610
718149
718970
722235
15668
9856
724390
732050
733127
737855
7183
743052
26281
7183
33377
56360
748282
758102
762346
15668
770971
771561
775525
IEEEO
776984
779226
783690
785238
28693
791580
OAEIUOUOEU
IOOA
767873
771702
15192
772620
3423
779818
EEIUIUA
IUI
763552
772638
11577
782627
788009
789584
793422
IUI
UOAOOEA
15403
25762
AIAOIOU
753639
755435
761520
765077
29944
19401
768284
36403
27511
38678
AIAOIOU
771238
1147
771496
776116
785165
794416
10559
8678
17210
799364
800503
UOOEEAEEE
782816
785455
794373
796405
EOEUIU
12195
792620
17506
794333
EIIAIO
UUO
774802
UOAAIOE
17720
768746
UIAEEU
UOIIOI
16899
UOAAIOE
739424
12767
743194
745298
11577
752174
UOAAIOE
6508
754761
762202
772115
35435
774097
UAUIO
760195
768832
770153
30661
22922
27765
17210
15192
772257
774385
18884
28693
782587
791336
EAOU
771102
9230
774291
781005
EIE
12767
33659
766890
775573
778621
38714
43572
26336
EIE
780314
786752
794055
803154
807714
12490
809038
22544
UUOEEAEAO
IIIEUOOUUO
19401
OAEU
749965
527
17210
755743
29083
757891
764070
OIEEIA
9734
AEIOIUI
726172
728707
732746
737923
OAOIUUAOE
16421
720143
OAOIUUAOE
OAOIUUAOE
IOUIUIAI
21042
671924
EIIAIO
18296
OAEU
43572
19131
628824
635272
EOEIAUEEE
619996
1865
EEIUIUA
UUO
UUO
579095
586005
587329
EOEIAUEEE
573311
AIII
19131
551156
552602
39206
557932
IEE
562155
17837
28693
7395
571839
EIIAOEU
569807
572308
579313
588567
10967
598522
602401
IOAEUE
31096
28019
EEEAUA
575648
585451
586442
12828
595698
605043
40250
609579
618106
OOAAAE
17837
607557
608970
613639
17633
614103
615115
15111
620483
624759
EIOOAA
EOUOIO
EEE
16825
41049
OUUIEU
25927
590018
42194
595888
597531
603446
54505
UIIOUII
578965
527
579779
19692
589032
30661
IOUE
54505
573936
AA
23501
UIAA
549354
22352
555964
9525
564765
25927
40027
573836
30241
574765
IEIIUAUAEI
570221
26336
575205
581339
584790
UOIIEUOUA
582788
586940
14647
33303
592277
595112
25725
595893
31853
596294
605313
609817
619676
11204
AAAUAOA
617830
66034
26336
626807
631543
7541
631604
638972
647776
AAAUAOA
651783
AOUOO
13368
32178
OIEEIA
IEEEO
603594
612605
618065
UIAEEU
613406
620211
628931
637194
19031
644728
UIAEEU
OIEEIA
17633
AUUIA
18992
603764
41398
612826
622595
19031
27511
625841
EUI
604905
UIIOUII
609213
614029
26016
20610
619543
UA
36303
612007
OIAA
587936
EOAUUIIIEO
573888
583108
589909
43572
44424
593769
598164
36228
39977
39296
604262
612978
619764
10967
IUO
619591
18992
20604
620061
44868
41567
IUO
623016
22610
56549
20604
UUEE
44868
603433
25927
605454
611616
44868
618295
UO
605643
11716
607855
12471
26016
611211
IEO
33663
611295
41567
619938
27335
621552
625664
631492
640388
40027
643494
643934
OAOIUUAOE
OAOIUUAOE
20604
9525
635389
642403
649098
649235
EOAUUIIIEO
19031
UUEUAIAOIA
595247
604078
18946
15111
608912
UIUIE
6251
583020
591436
596638
599573
607873
EEEAUA
22751
IAAUE
9613
34084
40027
597418
603655
28789
IAAUE
OOEIUAAAOU
OOEIUAAAOU
51718
597015
604736
613863
34084
51208
E
12259
27765
12259
E
29058
593161
601207
IUI
20610
582964
30128
34084
41567
587324
20610
590320
33503
594152
598005
28106
598370
32281
602233
606757
614250
617257
620119
620269
625182
32178
AIII
616255
619581
619771
24945
628625
OUAOUAII
12259
604990
607202
614436
619620
620294
621473
627585
627653
12041
43906
633101
638048
22544
641555
22544
648574
655785
660561
18946
664230
UIAEEU
661131
20006
669313
44424
EA
18742
20905
660822
UOEEIIA
659865
27765
5551
29171
39206
663607
32064
672747
49143
678924
686036
691448
692899
695048
699771
21547
57132
30690
UEEIIOIE
51162
674542
OUUOEUUE
653932
47357
14443
658286
667195
673070
24714
OUUOEUUE
EUI
1230
663870
43572
14297
669359
677467
685599
UOIAOAAU
684691
33663
15192
EEOEE
EEOEE
EOUAII
36228
OO
642824
644223
647343
28789
651503
658123
658978
OO
13567
26886
662083
669536
677898
684562
IIEEUI
680414
17104
690374
12589
24714
697793
12903
703665
OAEIUOUOEU
12041
31853
EAE
30747
36403
674829
675998
OUAOUAII
675398
682504
691245
28075
692969
697044
35797
9613
705783
712443
717179
6508
32178
28699
720062
40176
724696
731291
738037
742068
OUAOUAII
743327
750356
754112
20623
9363
758884
U
752662
759116
763921
769157
15111
769825
774161
EAOU
763708
EAOU
26336
769525
54517
774275
782055
EAOU
49884
787047
20006
29635
32679
49143
AIOO
24408
768606
772733
775828
40176
783824
28789
793384
799729
18742
807537
814006
814753
42353
816093
U
816889
11269
U
817334
820903
830594
835490
844195
849362
852893
853498
48225
11269
28149
858469
UAOO
33811
851701
853539
860834
51426
34799
43572
869279
37859
OOEAUOOI
23105
858632
865271
872851
6251
33503
OOEAUOOI
869926
OIEEIA
27873
1865
46318
853660
854839
33362
864108
IOOEAIII
854290
856093
78762
860913
43572
864093
17382
871288
880689
881908
885256
890180
26306
898547
UOO
883270
EUOEIUAUU
28075
IUO
863414
871573
879520
39694
26433
11309
34912
EUI
868667
53273
51426
OAEIUOUOEU
868207
UIIOUII
853199
E
842030
32496
53273
847872
851317
30448
851414
860232
860323
864196
12259
872212
29171
873434
AUUEI
26433
AUUEI
848067
849811
26230
15076
853350
860256
870050
872156
875652
879229
885992
15111
43572
32169
893065
8472
893166
31853
894194
902759
UEEOEAEAO
49143
892001
900618
901693
909238
45758
912423
33811
918083
919157
925892
IAE
20905
36403
30448
907157
36303
61433
41323
913642
915202
920364
923116
931682
937866
26886
32679
OIAA
931389
EEEAUA
30747
904239
912862
919495
52628
927512
932499
938829
939264
5688
24152
45758
940977
941424
948016
953757
20006
955134
OEAEAUUEEA
938762
32496
945196
951354
37841
34419
957513
965342
969196
66698
IAAUE
16093
28370
AUUIA
940477
945837
AUUIA
943119
37859
945385
949371
58370
955171
OUUIEU
12259
15192
946097
UOIIEUOUA
24152
OUIEIAOAI
920149
36303
OUIEIAOAI
919948
921521
924884
926644
42353
36303
933218
937865
947152
52772
OUAOUAII
36303
928068
937695
941720
948601
OU
32169
OU
942952
948261
19052
39478
958069
33853
20006
965348
9613
971931
977389
984431
29597
990452
998225
16093
48342
1005923
21011
OOAAAE
984301
984927
27765
985168
986110
992144
9014
33317
1001066
1001783
1009283
39694
AOAAIIEA
1010852
24194
1015927
1025286
OUUOEUUE
IAIAEO
33832
33832
1865
995658
IAIAEO
IOUE
986994
995167
33333
IOUE
999586
1008768
1017146
1020664
22158
EAAUUAA
998174
1005624
1011206
52815
1012622
42353
EAE
1006786
EAE
IUI
998659
31897
12589
38460
64192
27873
1002896
1010707
1015574
1016638
1024504
1029711
EEIUIUA
1025047
1028157
1035454
63470
39694
AEIOIUI
1030157
1034581
1036600
18108
1038236
1041755
17104
51617
18043
AEIOIUI
1044764
1047874
28075
1051191
32169
1059988
1062267
51162
1068912
1075266
AEIOIUI
1072039
EOAUUIIIEO
1067945
1072670
1077466
41049
75607
1081128
1086439
37859
1095560
1096159
24152
1101592
OOIOOAIAAE
1088424
35424
35797
14667
44626
1089900
76958
AEEUUIEAUI
AAAUAOA
1049388
AIEEUEAUOA
24194
1045390
1049585
28075
1052247
1054140
1063863
52815
1072910
31720
OUIEIAOAI
UIAEEU
1055427
1056028
1056521
14443
1056706
1065875
1074873
1076849
1078797
49900
IEE
IUO
46991
OIEEIA
1027413
49862
49564
1028644
1036791
54505
1037408
IIEEUI
18043
1030619
1030801
28999
1038873
1046676
1047598
58532
28075
1048475
1050315
28433
UA
AOAAIIEA
1009494
1017005
1020256
1029438
1036694
24152
28075
38995
1038578
1046511
1052104
33747
OO
1036974
UUEE
31477
1026994
1033015
57958
1036849
14167
14667
38351
1044122
1052375
1059486
1059687
1059832
IUI
1054997
41024
41049
1061151
1069520
EIAIIA
26433
UOEAUOOA
1044997
29328
1054549
1063210
1070191
1071614
OUAOUAII
OAOIUUAOE
1027986
1032522
EEOEE
1021260
OIAA
58370
UAUI
26230
26230
OAEU
31477
1007149
1012107
1012220
56073
1020813
EOAUUIIIEO
1004118
1007727
1010648
1014224
33832
1015908
1019225
1021027
40913
30747
34419
IO
IO
70373
1005734
61433
1008674
1014074
1014760
30128
1020692
21066
1023880
1026196
1035141
30128
1038773
31601
1039975
45655
UA
UEEOEAEAO
1013809
43405
1013810
1015823
30747
UOEEIIA
66396
EAI
27873
EEUII
943661
OOEIUAAAOU
43953
OUUOEUUE
890142
894757
898461
906098
45661
911918
917361
37859
925903
928215
931985
935982
937022
937948
UAOO
912890
OUAOUAII
906209
912056
913034
916808
917621
923358
931371
20045
940988
UIUIE
926431
932376
934542
29813
936149
940464
64192
946603
27873
AEUAOA
43405
33832
49842
62546
15192
923703
21547
931004
OAOIUUAOE
911811
36813
920938
IO
45693
45661
914180
AOUOO
904911
914350
920353
926941
49520
929568
26040
36813
UIAA
925040
928079
UIIOUII
40498
21709
21709
920788
33747
12589
924736
40007
50232
934279
42147
937987
OUOIU
931008
937276
14167
941298
49862
941739
943357
2470
49520
947184
950101
955037
EEEAUA
938838
54565
941706
16213
40622
39694
950928
65267
56608
960150
60484
68084
30747
960504
34411
967457
EEU
47228
42646
93759
25859
957791
957917
960642
965801
975264
981908
41460
16093
982649
984190
984747
30747
37859
55378
40443
986879
987671
994292
EEU
994874
1004217
1007878
1011167
1015411
20045
1023702
61943
1025502
21547
61943
1032268
51617
EOUAII
1007857
1014672
OUOIU
OUOIU
38933
999009
1008981
1013990
33832
31203
1016777
1021638
1023288
21066
OOEIUUEIOO
1019428
1024606
1028454
IIIEUOOUUO
UUEUAIAOIA
989882
994798
EOUEEIEAAU
989390
20574
992924
1000541
1004142
18047
EOUEEIEAAU
41551
1012394
EIAIIA
93759
1003591
1007942
1012814
1015644
EU
990826
996047
48057
999375
1004669
1011848
24081
EEU
1000122
1006923
1010124
1016809
1024828
1034678
UA
23955
UO
1008485
1009178
1012119
1015432
1016874
30587
1026424
68871
OOEIUUEIOO
1008077
1011845
OOEIUUEIOO
69968
1015377
1023941
52628
EAUUAUUEA
1010882
UOO
1005597
49564
2470
1005697
57592
31203
1013356
1017641
1026525
58370
2470
43880
1032211
1041433
AAEIIOAA
1023923
69968
42277
1030239
AEEUUIEAUI
1023130
1025898
18047
56308
77358
1031660
1035821
1042197
1049964
1052144
UUOEEAEAO
56164
41160
14167
1035457
45661
53441
1037276
49842
UOIAOAAU
20045
1016829
UOAAIOE
33317
EIIAIO
994698
EIIAIO
996781
41104
AIII
22158
IIIEUOOUUO
62044
AAEIIOAA
972762
973917
48057
AAIIEIU
41024
969255
59017
EOUEEIEAAU
52927
949241
954089
962387
965892
967025
975641
985268
29931
UUOEEAEAO
980038
984830
18047
989414
AAAUAOA
46783
977900
978390
981182
987661
UOAOOEA
986067
992324
999966
1004853
85793
1005845
1006644
1016155
1021797
1022904
38026
AO
OIEEIA
1012967
1018059
1027237
1027567
1028708
1032676
49280
29931
1041602
41551
1051257
57209
53760
1060001
15192
54948
1068906
1074998
57843
40622
1084136
AO
OUOIU
1075067
1079781
OUUOEUUE
AAAUAOA
69904
OAOOIAUI
14297
AAEEEOEO
996920
999707
1003678
1013646
85793
40134
26353
1013759
38351
1015292
49564
1016353
21066
1024807
34419
24106
1027049
14297
65222
1028240
70890
33317
1037040
AA
16686
53676
1022973
1027588
1031733
1038135
1038244
61593
1039973
1043508
1052588
60484
1058262
54948
1068153
1075507
49280
1078970
27873
1086656
1094901
18047
50011
28121
1103963
27873
1113292
1119818
31187
1123041
1127688
1137364
1138203
EIIAIO
70347
1129574
1133214
1142278
UEEOEAEAO
1114869
1117312
28970
OUEIEE
58212
OOIOOAIAAE
1071182
81086
1071386
AOUEUUOUU
31187
AOUEUUOUU
1048996
93759
1055699
1063467
1071237
1071448
I
71223
88109
46534
1053577
1056453
31187
84618
1060168
65222
1060528
14297
1069031
39955
46783
1074282
1079183
AUUEI
23270
69904
AUUEI
1058096
1061070
1066734
53936
41024
1067507
1075313
1075399
26040
68704
1085212
EAE
1060971
EAE
1061124
44280
1067911
1073214
1081100
EUEIIEUIE
41977
1072917
1076953
40611
46534
UUOEEAEAO
EAE
65363
AIAOIOU
82687
33467
38633
AIAOIOU
1041455
15398
69474
35027
53676
1046547
1052085
OIIIAUEI
1048966
1052952
AOUOO
1048527
26391
53926
1051492
IOOEAIII
25683
30587
64190
1048951
1052367
1062053
1067707
1071853
58636
1080354
49841
1088444
61433
70890
UUO
59017
78216
36743
1087232
1097051
1102374
1106721
1106976
1116142
1126116
1127254
1127445
56846
1136151
1138606
1140576
1147987
1156647
69904
1165802
51170
52927
1173950
1178653
1187012
1188398
EOAUUIIIEO
1174884
67857
1179564
72032
1185908
EAUUAUUEA
IUUEAEAIEU
1175715
1180177
1181055
36776
IUUEAEAIEU
56164
40611
OA
1178557
1183324
1192892
1194612
1198285
1204008
1206410
OAEIOOUAOI
43880
61506
22511
1177141
33059
44264
1184069
1185925
1191754
1201086
1204399
49841
1209703
AOUOO
58212
77358
1190490
1196159
43668
AOUOO
44079
1200860
1208507
1212141
1216146
33059
66503
15398
59712
1225378
AEEUUIEAUI
1214806
OU
1207845
35262
1217088
33059
IEO
1218715
1219485
61367
1226462
1233420
1240370
27342
1244087
IIII
66351
1245111
1246169
1248114
1252386
29813
33059
1254687
52628
UUEE
76081
60652
1245436
1252594
1256973
1264443
1265778
OAEU
1248329
35006
1252595
AIEEUEAUOA
43880
46534
41024
1237912
1246860
46944
1254582
IOUIUIAI
78216
45981
1242259
1248600
28678
1251865
39709
38739
102553
89099
1253256
1260051
1262472
1267558
49841
1269674
1279277
1281231
1282404
53760
UAUIO
1267657
1274590
60777
OU
1273224
1275143
15509
1278737
60777
44892
29813
1281011
OOIOIIOE
39039
E
1258632
OO
57951
EIOOAA
1234204
IEIIUAUAEI
1229980
UOIIOI
IIOEE
1188768
AEUAOA
1178783
1188623
IOAEUE
IIEEUI
AAEEEOEO
81054
57903
1162168
1166584
38505
1171969
1179199
1186909
35324
47237
1194463
15398
UAUI
28970
1190262
1190377
1196504
1204760
46534
75538
1206119
1212590
IEO
76452
1206154
1215584
1218404
1224807
1229772
OAEIOOUAOI
35233
1208806
51286
1215800
1219604
35006
36793
60652
IEIIUAUAEI
1206136
38505
IOUIUIAI
43977
1183802
41786
IOUIUIAI
41977
1191136
1196421
1205753
OIAA
31576
1198357
53926
35213
48093
UOO
45575
UIAAAIEIE
AOUOO
EIAIIA
IEO
49520
60777
OAEIOOUAOI
1124257
45363
1131160
1135730
1139089
36793
1142234
1151607
55905
16132
39039
1155424
30322
OAEIOOUAOI
34440
A
15398
1143367
1151781
50871
IIOEE
1153689
60800
1156967
42689
72308
IIOEE
1146927
1155377
1160072
39732
39432
1169606
1171257
53466
48093
16132
1173719
46783
1182842
1190793
EAAIUIIO
1181466
1188381
1195264
32989
1200489
1202140
46534
20772
1203482
1213423
1221278
1228440
1231389
26391
AUI
1225647
1229386
1235629
IAAU
38000
I
1194694
71755
93949
EU
1185959
1189571
1199387
1206543
1214412
38921
27447
1215245
60777
69859
1220719
1224190
UUAIEA
1198878
50452
44222
UUAIEA
1199542
50335
1203001
38000
1208380
1212615
1216334
118942
50077
1222066
73773
31985
48636
1223136
1228256
77884
1233764
1242438
1251980
1252945
88903
OU
1240604
1242668
50656
35324
1247312
1256479
1262534
40698
EOEUIU
36776
1249132
UUOEEAEAO
OE
1214249
1224131
1224792
29931
1230356
39775
32600
72259
42830
IEEEO
UIAEEU
1227814
30322
1227858
48660
1232544
35006
1241700
44379
44264
1242325
36888
55745
1249035
1256989
1264411
61387
66238
1273228
1274617
EIE
OUUIEU
1258091
76027
27447
1258581
EIOOAA
44079
OAOIUUAOE
51971
1236652
1241695
1242305
1246580
1247677
78216
UEAEUOEU
78216
1238808
1245794
1253098
1254277
1257133
1260791
1267211
1270463
36888
1270913
68326
IUI
1243734
26391
AE
35324
1226533
1232046
87663
EAOU
31985
UOAOOEA
57641
1214169
1215177
1221689
1225463
1227545
1228369
1229585
1235441
1240813
89524
53509
UEOEIOO
44264
1224542
1228210
36776
36247
1233740
38000
46604
1234124
1236637
48285
1239909
1244515
41977
1251632
1252729
1259853
1268467
1271050
82008
1276499
54948
35213
1285883
39694
47237
1286725
23104
EIIAOEU
EIIAOEU
53509
31985
IEO
UAUIO
39694
1259375
1260313
1268868
1272331
1275297
36247
UEOIU
1253548
34578
68326
1262213
OOEIUAAAOU
64402
42430
1235353
1245301
EAAUUAA
1233049
71755
65222
45575
50077
1240677
1247109
AAAUAOA
1236994
1243309
1249587
AUI
48660
61920
1244555
118942
41690
1254009
IUUEAEAIEU
UIIOUII
35324
1240254
90240
1250082
1259892
IOOOEIOOEO
1238731
50452
43068
52391
1241611
1244647
1248734
AEEUUIEAUI
1231022
1237393
1237734
1244120
1244230
UAUI
1232861
AIAUUEA
1220141
1225227
1228115
35213
62751
1232070
39432
1233485
38921
OOIOIIOE
94900
AU
1204658
AU
1212033
1218517
53867
56456
1223605
41664
1229258
OOEAUOOI
55596
1208596
1216510
75538
AEIOIUI
1211779
1216871
1221021
38962
1224567
1228280
1229572
20772
1237731
59568
OIA
1219605
AOUEUUOUU
1201295
1210609
1215050
1221982
1231523
1240762
AUUEI
1217909
1218976
1222418
42047
1226250
72259
1229082
1231927
1241160
1241415
38737
60996
UIUIE
EU
1202866
66799
1205668
EIOOAA
38547
1180471
1182163
1183535
1187236
1195284
1196062
1199902
IIIU
IEE
UUEUAIAOIA
IIIU
1108738
45799
1111107
1119603
79705
95591
UOIIOI
84175
1093880
1093950
38724
58180
EUOEIUAUU
1087909
1091909
1100421
1101851
1102627
EEU
38724
1081873
1082129
33382
1087913
1093639
1099314
1101429
60524
47425
1110547
1118842
1123138
40256
1133116
AUI
49220
50077
1127542
1135276
1140965
1147056
1153514
61046
AU
46534
OUEIEE
1121027
1123983
1131867
35870
60114
48577
1136749
1146153
1151138
82008
58180
1155629
1162555
1166248
1166547
1169564
EEEEOO
1149087
79705
63715
38737
70172
1152742
OAOOIAUI
1139099
1147713
1148335
1157705
OIEEIA
EOAUUIIIEO
1141788
1146388
1154303
1154894
EOAUUIIIEO
1158645
112168
60524
EOAUUIIIEO
1162901
45473
68666
38547
EIOOAA
1155558
1157626
1166851
1175313
1177956
68154
68326
89524
1185048
1186537
1192694
IIEEUI
1191643
1194185
1194907
1197622
1205823
1206727
1211487
38000
1218856
1222661
1226437
1232971
97155
1237518
1239766
1242587
1250434
75265
68318
1257576
28655
45473
IO
50452
1249186
1256065
72641
1258505
1265934
50452
1266984
79705
67445
IEIIUAUAEI
1242453
1252238
1254890
99188
1255102
35049
1256482
44259
46604
99188
99188
1263729
100021
1272109
1279292
1283261
1285756
1294913
1301826
1310019
1314288
95591
1314602
1318414
45473
IIIEUOOUUO
31800
1311714
OOAAAE
AA
1290203
1290763
75265
1291381
41302
AEIOIUI
EOUOIO
1264016
1267764
1273944
1282459
1285213
UUEE
62757
AOAAIIEA
1266785
1271962
1281747
66476
AIEEUEAUOA
1276583
28655
1282544
1291478
1293485
1296916
1302657
58180
70412
EA
44452
1278365
IEIIUAUAEI
1270435
AIE
75265
1265772
118942
1273965
1280427
1288200
1297468
EAE
1293895
66035
84352
33382
33382
64933
64183
1302370
115656
1303940
73361
38000
1306339
1308447
1310093
28655
UEEOEAEAO
1295166
39063
49837
58794
36888
1303738
