4211
10995
19398
25375
0
AEIUU
22835
0
U
0
U
6911
0
0
IEEAIEUO
904
0
1053
7582
0
10960
EUUIAI
16057
25765
0
EIIAE
7672
EIIAE
0
0
9586
OEAEUOU
0
13298
UAOOIEOIA
0
13005
0
21357
26203
0
0
28889
0
33332
0
36752
0
37332
44012
51091
51209
0
57216
66336
UIIUUOEO
U
14906
0
0
17595
20359
20969
UIIEII
EOOAUOEE
0
0
0
7478
13115
0
17556
AIOOAIEO
8007
16062
0
0
AU
18453
0
0
0
26981
34372
AU
32917
EAIEIAI
EAIEIAI
5706
10896
0
EEE
13112
0
OI
3814
0
AEE
7304
149
0
10275
19206
0
27546
31140
39146
44507
0
0
53885
61131
6784
64379
0
65628
0
IUEUEUUO
66499
0
69236
71528
81074
88866
98595
OAIAEEO
0
85020
0
93083
AUUEAU
68837
73630
AUUEAU
0
75117
78355
79638
8352
0
EEAE
0
68577
II
63572
II
70997
7246
0
71879
5022
0
74315
81264
81908
86693
2737
8006
0
OEAEUOU
87146
IEAUI
AEIUU
0
0
75269
IAUOE
67682
UIEAOIU
0
9708
AAAEEOAIEO
2292
EIOIEUO
11485
0
13454
19584
21898
30009
38309
AAAEEOAIEO
27743
0
37563
47308
6680
0
0
AAEUOI
0
0
30059
33800
41342
0
50853
59969
AEE
1249
41464
47421
OAI
51560
54055
61035
63102
67307
637
0
68649
IOIUIUU
60438
IAUOE
9378
44425
0
48304
0
57635
64174
67074
75678
78809
85045
IEA
74523
0
0
UEEUIU
0
OAOUUAAOIE
UIIEII
1678
35032
0
6680
7246
36666
46125
48436
0
0
52171
0
0
0
0
1229
AEUAUE
27747
EIUIEA
EIUIEA
0
4090
9906
UUOEEUU
IOEAEO
8975
14417
0
19173
25079
EAEUOEAE
8524
23326
0
9511
0
0
0
30077
0
36784
44548
49417
EAIEIAI
44517
OU
7391
EUUIAI
EUUIAI
21766
21775
30225
AIOE
8874
AIOE
IAAAO
8261
14972
21705
24902
IAAAO
UAA
0
24960
27971
36813
40004
48721
50029
50404
60320
69408
0
7278
76567
4461
79219
5130
89181
97794
3420
0
3735
106454
5592
14293
0
882
7246
6707
0
3338
UAA
113394
120890
126035
135613
0
137310
145036
145405
0
147258
0
152902
157614
162588
9120
165527
171764
173686
174461
177726
0
0
AEEIOEIUIO
2067
8855
173949
178568
180121
0
0
183808
12776
0
188691
197976
9511
206143
210967
0
UA
0
190381
0
8352
IAIUAAIO
181907
0
0
187447
188228
13689
189128
196158
199268
0
199825
IAIUAAIO
2737
UEIIAOAI
184390
194122
UUIIAO
UUIIAI
166422
9120
10490
AEUAUE
157984
8842
IEEAIEUO
0
141124
0
150589
157188
6751
AEEIOEIUIO
155078
155196
10872
0
0
163419
169188
10490
172814
1283
5846
9647
6361
178595
185925
191360
0
IOEOIEAAOO
1634
0
3238
170719
178851
0
185433
2450
190356
195050
202919
EIOAOUIOA
8063
178829
185220
188763
190514
369
195574
EEU
187941
197232
200113
5846
UOI
195665
197069
6751
0
9647
10363
199548
206263
206899
13446
207391
210631
17254
UIIEII
193247
197687
201979
210181
EOUOOAUU
7159
193445
195518
200724
203553
9729
213121
EOUOOAUU
8063
0
0
4461
214648
EAU
212348
216565
219596
221219
9511
EAU
225913
230276
EAU
0
235691
IOAOEAIUE
223956
231272
232496
232991
233365
237620
247268
256365
0
7299
23715
15065
0
257752
261754
267562
0
0
5957
270746
0
0
278278
3912
285537
23715
6361
2737
295297
298476
307911
313772
9459
0
0
6711
0
314437
318533
321197
14476
580
0
IEUAIOUAI
0
307756
314133
5644
317651
324221
334130
0
342848
345491
13849
353993
354086
4211
361526
0
362880
367669
375676
383599
385814
0
391917
IEUAIOUAI
23363
0
395529
0
401436
7987
405960
407352
EIOAOUIOA
400437
410302
419613
426435
433580
1342
437579
446100
0
0
EAI
15324
14587
444589
18405
8448
1283
15065
444684
IEEOAU
431960
441272
OAIAEEO
6135
IOAO
0
AOOIIUIA
UUAAUOE
AUOU
12338
1283
382136
383244
IUIE
0
0
363586
0
IUIE
365719
18622
373046
9699
377399
0
386070
393590
0
397768
14293
0
9729
5769
UOUEU
4824
14476
UEIEO
365306
370542
380289
382206
386874
389867
2450
390425
2538
398707
IOAOEAIUE
8340
402580
406647
882
0
411008
17775
417599
EUEEAOIEOO
405277
406354
AIAOEEEUI
13899
7987
391873
8448
400938
401130
1275
6402
9378
5525
AUEOI
23363
0
386196
13892
396030
399027
407738
416765
425194
426454
431245
8717
AUEOI
12776
432662
AAEUOI
425125
429074
AEIIO
405985
406317
0
11065
415398
421838
UIOOAI
EUUIAI
3585
397648
402030
1678
OAOUUAAOIE
397487
9483
1678
EEAIIAO
IAIAA
373111
6582
4461
0
0
374473
12776
378253
386435
10699
391015
397478
23715
404463
413581
414868
415743
422486
426972
IE
2495
422963
7869
428422
438274
443154
0
IEEAIEUO
0
417970
10480
EU
0
8718
5501
IEEOAU
5917
8855
371545
IEEOAU
369127
UO
AUEOI
6822
347078
7532
356034
0
6680
364033
IA
3420
5816
5541
9546
363758
8931
14476
371945
9729
380650
390104
390206
392409
6135
402318
411753
5525
UAIIA
0
13366
12528
386682
IUIAOIO
16731
380129
5535
384338
394012
400996
407561
411799
17611
0
1249
17566
421695
1678
423269
429348
IIUUE
EUUIAI
OAAAUAAAU
5644
395275
7327
402878
405296
412930
416486
422202
OAOUUAAOIE
16063
EAUA
13446
7532
379682
387569
394610
6370
7079
UEI
379836
0
OI
E
345187
348729
0
348862
356448
362031
363625
372017
5265
372809
0
376419
386242
394435
404287
IUUA
395874
402084
644
0
IO
396247
398083
12157
399676
7884
4205
404123
409343
410186
410930
IUEIAUOEOA
394540
403833
8181
4824
406548
416315
AEIUU
7542
406176
11872
410328
0
420321
EUIEA
402715
7185
407779
416691
417089
424516
429711
7746
435991
IUIAOIO
425848
13214
IOUO
11641
6361
IU
393962
13326
397392
405841
415091
418277
EUUIAI
0
13147
15324
406204
408960
8403
14051
416398
7520
8403
12528
8949
421024
429071
5816
438529
17566
442990
445283
EEU
425051
430035
439887
OIIA
424576
IE
EO
5435
AIOIOAO
12937
394227
5592
397273
405796
13603
0
406614
412266
415611
3999
417711
426798
429154
3585
10604
432474
437388
444664
445019
451956
459164
465923
16731
9648
468605
16195
13446
474313
6707
EUE
450340
451824
9376
461231
4791
464809
468579
9454
7520
5501
OE
AEEIOEIUIO
13516
441713
445720
451420
3248
3585
453875
AUEUAEEOI
EIIAE
OIIA
AIEAUEEU
417902
OU
6707
411597
411671
6707
418036
420335
17615
426160
3780
433767
441522
14559
445419
445741
448651
458575
7869
9546
459427
459789
8410
UUOAIIUEIA
11571
432525
433821
AEIIO
426095
12359
430219
433910
12359
21467
AAUEUOI
432102
440202
441866
441875
8003
450466
374
452076
AAUEUOI
449584
AIOOAIEO
EIEOAE
433740
435508
5816
441499
EIEOAE
OIOAIAAIOI
OIOAEUA
419910
423598
432867
22321
438167
445585
450472
453829
12029
460365
467703
6707
474019
476729
10604
UIUOEO
492
476802
2538
AIEAUEEU
475368
479251
12352
488686
9546
489689
UAIIA
481415
4238
485475
490543
OAIEOOOE
OEAEUOU
6764
460849
466435
471419
481139
481145
481333
486871
496008
503191
5220
509697
511432
0
OEAEUOU
488228
490871
11819
16445
499867
6764
18362
6707
504801
11323
5220
IAIUO
494363
495883
OUUEOAEA
IAIUO
465886
474460
479295
9924
EIUOI
1678
454199
23462
463963
OIOAEUA
446298
449615
455858
EIUUI
AUU
1678
439779
EEAIIAO
424687
433915
440646
441290
442296
452044
458146
459264
467050
469966
478555
0
12094
0
10470
479979
480786
6370
11571
7259
483539
6680
18622
9924
7779
489006
10699
492459
5265
1954
502413
505416
506430
508562
12528
11819
517226
519024
521342
525573
527424
530629
537503
542300
551952
0
22321
8410
UEOEEO
7779
17727
543825
UU
528232
537013
544799
553683
554629
557685
559863
563972
UU
20250
22126
567389
4768
571984
576513
5501
582263
584574
UOIAAUAIU
570796
576065
579239
584348
1249
AEEIUEAE
19132
8523
UIIEII
0
10470
566295
574302
OIOAEUA
575138
OIOAEUA
11990
578247
585823
588041
588096
593980
600523
605053
21561
609820
IIAAEU
606636
16228
5299
0
22126
615914
622474
626826
3999
AAUOEIAU
608744
613746
621855
625963
629502
OIIA
626007
IUEIAUOEOA
11641
603535
3320
609949
26830
619700
14587
620740
627537
5535
AOU
9950
IAEIEUUUEI
4321
601988
26592
IUUIUIUOE
21724
0
590544
EUUAOEU
8003
7213
UEOEEO
548465
548559
551759
14117
11427
5861
11314
12094
553529
554348
AUAO
14300
535629
539345
540161
548913
5816
17102
UUOAIIUEIA
31220
537436
546623
UUOAIIUEIA
IOOEA
534082
5535
534431
UEIEO
525833
532841
6680
21600
7779
17314
UEUUEIU
11427
512154
518600
525592
535530
I
1229
513429
514960
7313
1249
26830
523391
16611
EIUIEA
516472
525619
14787
OAOAEAE
0
513576
520105
188
10632
522892
IUIAOIO
OAIAEEO
IEA
514692
UOIAAUAIU
4610
0
502924
0
511968
519415
525207
534797
9950
535688
542424
17199
542808
551825
IAE
16611
549531
15285
0
14117
552634
560016
567443
569223
EAIIOOA
1954
561292
AAUOEIAU
1229
0
544523
0
549867
554299
560988
567688
16195
6764
8961
16557
574895
EAIEIAI
571085
578352
587374
EOO
UEOEEO
565867
575539
17547
582581
590646
OAOAEAE
567584
574256
574995
578321
1751
UIEAOIU
10860
23715
17314
554342
3879
555999
563423
570306
578132
581157
587536
593598
599670
18267
600514
606943
8364
607109
612900
614126
620005
1954
8449
623594
627012
636757
25160
640077
17240
643007
647162
12466
651513
34173
654788
656378
664887
IUUAAAOO
IOEOIEAAOO
647000
651119
8063
656445
659761
668720
668831
10919
IUUOAE
UIEAOIU
666622
672453
676530
38842
13522
18267
7313
680198
684296
1623
686591
695573
697643
7213
703933
706298
23769
UIEAOIU
711436
711937
714334
AUOU
EIOO
681617
689843
690419
694219
697401
OU
693520
699880
708015
708601
718177
0
725028
734913
14587
742698
OEAOOIUIEE
728966
738218
OU
717876
26355
6316
13446
6089
720687
723804
724251
728046
728485
733091
4321
13516
16228
5535
EIUUI
707167
711703
IIEIEAI
690979
692274
IOUIAUO
8661
UO
20006
667839
EEE
667943
EO
29947
18966
AUAO
610636
620170
625327
8449
7313
631365
631457
638455
AUAO
AAUOEIAU
625956
5861
627428
632663
635045
644387
375
6316
AEIIO
647954
19447
650747
19393
650988
654354
657121
IOE
646679
IOE
19447
647153
42609
6854
OOIIO
5861
641787
651547
661500
0
662294
662799
UAA
AIOIOI
IAUOOOOE
2436
OAAOEUAO
620985
12432
0
23451
626109
AAEUOI
612977
613622
623432
628192
12432
631249
EUAEOEE
13326
18050
611563
618892
AOU
20202
606952
607016
610227
28431
AOU
620036
EEUIAIA
23255
597717
19132
19982
602754
609645
614562
16228
623945
14289
23255
2787
31373
626260
632923
14300
13899
634316
IUUAAAOO
IUUAAAOO
10699
615439
10604
622075
629054
19982
IUUAAAOO
632715
633078
638604
AOUAO
OIEEAIIU
631965
10860
20089
11632
640511
OIEEAIIU
638644
642868
17643
651589
26174
657827
27038
20741
16195
23151
664212
16611
668377
676100
15926
680023
34173
686971
OO
13729
6316
681506
14587
684806
20418
685446
689939
UAE
683176
684484
8431
694297
6370
700853
15267
18035
26607
22133
707974
17199
25007
19158
714222
EAUA
15300
11029
13270
11713
702254
IOEAEO
20126
AIOOAIEO
671838
26608
676992
677063
37697
EAUA
IUIE
26174
670067
672583
673621
675017
IAUOE
658725
660311
13729
667845
674508
679778
686487
692548
OE
694869
26428
698613
22126
700220
17976
701599
21227
42791
IAIUO
16646
677535
682394
13580
20741
682489
682724
688680
35377
698331
703383
12192
UO
4311
698351
702876
712113
38842
14474
720605
728402
733446
23402
734222
23171
3879
736409
738161
E
744217
8449
13516
EIUOI
16596
739893
IIEIEAI
729334
12555
20691
738635
O
724614
726120
13580
728635
736990
8661
IIUIOIA
EAOAAIEE
724774
2787
728840
730015
19205
731681
16611
3700
733528
8961
IUUIUIUOE
EIO
13580
705073
706558
26781
712625
719191
721269
728671
737355
739915
746758
27485
24364
753182
EIUUI
732553
735760
743072
743653
745990
746553
754103
760195
768228
27322
19772
9378
16195
16672
42011
17768
769687
773190
779623
EAI
EAI
25532
OEU
27321
764183
764590
OIOAIAAIOI
16195
7542
760772
23255
761697
13729
10604
763297
18622
10860
5861
766929
769048
770347
26608
774157
780486
782114
17858
21219
EUIAUAOOU
9516
AUEUAEEOI
750681
760523
17240
760702
20575
36347
17240
766252
20073
774120
18622
24670
9751
775592
28502
776795
785566
EEUIAIA
781710
784631
11065
785424
0
791924
11831
OIIA
788468
6381
IIUUE
AIOOAIEO
741783
751602
21611
4610
17312
15267
754727
761930
769782
4726
773375
AIOOAIEO
28431
757724
3879
EAOU
35997
758627
764621
771564
20089
UUOEEUU
752978
756778
25515
762100
766524
EUEEAOIEOO
IAOIAOEIA
756399
26943
760902
763832
771371
7425
5861
775580
7987
779906
27603
27038
784907
792444
13035
21227
798775
800205
11831
803291
20006
808303
812062
EAIEIAI
784191
188
787805
797389
805588
810244
813975
23822
17227
13270
816518
823516
833011
UUIIAAUO
16563
812265
822104
828432
837329
8449
AUAO
812086
14876
34053
821250
829744
838472
UIIOEEA
UAA
803811
811815
820313
825197
827784
832535
836122
7425
837613
838881
843675
30375
852122
30013
18163
22382
860407
866413
871551
876327
16269
5711
880043
30473
17937
18035
18852
11632
EOOEUEEOE
872095
26121
14876
872193
875679
877610
24364
26322
881536
UUIUIEIOUI
861636
36347
869845
878210
885824
893935
899637
UUIUIEIOUI
901664
904570
7313
35997
25643
18163
910995
920438
920623
26294
25979
17312
928957
938117
944775
AAOIIA
929279
935953
26428
940137
949267
16497
955618
EOUOOAUU
936404
944586
6316
948789
957214
26377
OO
20741
949004
O
947831
954838
12432
963057
965323
EIUIEA
944727
945192
951705
17643
953294
963187
971495
973105
977307
978839
25532
979226
983904
UIEAOIU
966339
967365
26322
976787
EIO
UAA
953539
IAUOOOOE
11065
953915
OOIIIUE
958304
20089
962492
964461
970062
977365
26943
AIAOEEEUI
26294
16094
971703
976078
977945
17937
978760
985048
50555
7542
AIEAUEEU
968760
11657
UAEUE
955005
962984
AAEUOI
EEAIIAO
944238
948410
955128
955885
956349
962871
972207
EEE
950339
26709
953730
960806
3879
961116
OAOAEAE
31373
AAUEUOI
926958
927074
932574
932869
34456
4791
21831
942302
15858
948436
948791
17727
34456
952502
18675
15227
35283
959385
26174
968390
973168
977303
24197
20202
18684
AEEIOEIUIO
974172
5326
E
975746
3150
21831
IO
5861
13035
966729
23433
32336
IUIAOIO
IAIUO
IUEA
26339
927534
IEEAIEUO
IIEIEAI
897335
906079
16533
23822
913456
48255
919825
IIEIEAI
10578
IIEIEAI
922397
931827
21575
934233
942857
944539
16195
944795
946220
950531
952969
EAU
948533
EAU
949814
IOUO
941479
23255
27603
12400
947187
IAIAA
IAIAA
920537
44089
30002
926124
UEI
913326
UOI
IUIUEOII
885331
IIUIOIA
880156
885794
UEU
16469
IOAOEAIUE
32336
35504
870420
4486
879455
885725
893068
IEEAIEUO
AIOIOI
877856
26709
885797
894818
899018
908207
8416
909077
25223
912474
UUIIAAUO
894262
25515
17429
39356
8431
903903
OIOAEUA
886849
7634
32493
22590
34051
890216
899429
903188
912539
912903
28765
8819
916862
19079
917644
UIEAOIU
AOU
31451
873636
876092
22126
26943
23311
883373
18013
26339
887381
892129
IIU
AAUEUOI
872653
36232
879257
25224
28765
883762
893622
902507
31451
11065
904901
25169
21830
912281
913821
15324
922173
928285
930880
13326
940750
28550
15112
944481
17579
20202
951982
35504
955157
955972
0
957158
966241
975778
984074
UEOAEAEA
977100
981864
989683
31140
37735
IAEIEUUUEI
IUIEOUOIA
966508
19665
971857
UEUUEIU
24630
IOEUE
20870
33761
IUU
938884
27206
32021
9378
947710
949898
13899
15227
953070
961066
IIUUE
944890
948314
UUOAIIUEIA
930549
28710
939253
25007
32493
941002
UUOAIIUEIA
942551
36232
OAI
IEAUEEOEO
17629
IEAUEEOEO
27059
927044
935477
51241
26294
943353
951176
959226
960801
966061
968023
971398
978368
IOI
967988
IEAUEEOEO
21448
AAEUOI
953440
960625
15227
IEAUI
29068
26709
22126
15388
UAUUUAEIUO
917799
10453
55876
920501
923798
925997
929603
14287
935880
EIOIEUO
IOEAEO
911838
19637
27322
920275
32877
927723
5338
IOAAEEAOOE
910294
914774
AEEIOEIUIO
4302
900530
910183
51969
OUOOE
12004
905649
913674
EIOIEUO
22382
1404
30002
25655
AUEUAEEOI
15344
889546
895572
903331
11632
912476
6238
921754
10591
925547
14117
OUUEOAEA
16032
916663
926516
935038
941787
OOIIO
936516
941934
13246
943078
950138
954199
23522
962529
12400
21448
EAEUOEAE
35217
965726
973328
982639
24893
31466
UEOAEAEA
9378
36941
EAIUOOAE
U
926142
934176
26781
26709
943257
20870
946971
IIUUE
OUOOE
905993
911871
919106
922891
IEEAIEUO
911070
913985
922671
923975
928554
936152
26709
34866
34491
18013
940382
949647
953590
954804
955523
36371
3120
9893
960090
17727
IEEAIEUO
7425
45923
20870
14697
17727
36347
962052
9252
27602
963671
970936
IOOEA
15227
17019
EUUAOEU
23522
29969
13576
31846
945540
EUUAOEU
947633
952769
954608
34866
963467
964766
964972
969859
970038
31140
29969
OOIIIUE
12400
957875
966755
51821
966996
975228
21678
979192
32431
982450
45923
991517
997058
1006641
1009322
1011055
1011919
10860
29246
1019910
1026984
1031180
25007
1040030
36561
8276
1047026
1051601
1054691
8661
IO
AUEUAEEOI
1017635
1021531
15227
36232
1026676
1034968
1042409
21678
1044988
13899
21914
1053262
44257
EUAEOEE
1053851
42533
23313
EUAEOEE
43868
1058421
8364
1060569
1068358
1073498
1077063
1077752
IIUUE
IUIUEOII
IUIUEOII
8364
5326
1054057
OAIAUEI
22524
1054396
39301
1055476
IAIUO
1031160
IUIEOUOIA
23313
1017812
17240
57385
1026849
30482
1030586
1035761
18684
1037329
1043224
OAIAUEI
AI
AI
1012821
1019583
1029010
1037892
33187
17579
1042391
1050414
AI
IIU
1044432
1048661
1055031
31140
45923
1057268
1057567
1065144
8076
UIUOEO
IEIUUE
8964
1040709
1042694
1043473
1049333
19637
1051588
34977
1060800
1069646
1078392
1085097
1088810
8964
1093688
1098630
1104039
1113938
1114262
1115041
EUOIU
1105128
1114057
EUOIU
1113003
1118903
25007
1123000
1124100
1127720
20618
1128802
1136800
1137245
1141778
48792
1147800
1157344
1166517
UUIIAAUO
19553
1165054
26205
1171142
1171576
36941
1181107
EEO
1168724
1174828
8528
1181193
1189013
12372
30096
1195790
24775
1201267
EIOO
18905
27059
1187543
1194702
UU
IAIUAAIO
1148138
1157497
49705
13392
34491
32643
8964
1163724
36347
IAOIAOEIA
19252
IA
30310
1137383
1144215
1147878
6238
1149832
21830
31595
1151073
1159084
24442
26881
1163632
17184
1164370
1167727
1176678
17727
U
1177539
EUUAOEU
UEU
1124312
17312
UEU
1129314
34432
1134043
1141962
1147331
1150575
30974
UEI
22797
21575
30310
EEAIIAO
UOIAAUAIU
40404
UOIAAUAIU
I
1075575
1076377
1080718
1083849
13724
10578
1092480
32979
1098221
21723
IUEIAUOEOA
OOA
EEAE
11713
5326
1048506
14322
1058008
1062920
II
1054499
1058228
38672
39301
18013
1066415
23369
5338
19553
EUUAOEU
OEA
EAI
26339
23217
IU
992845
UAAIOIEIA
22797
970513
977673
8528
UEIIAOAI
974275
16046
979592
25224
986865
26881
992884
OEA
982958
984072
50498
OU
OU
IUEIAUOEOA
IOAOEAIUE
31299
8364
44089
944390
27038
11713
953429
36232
955653
34866
961904
963444
969045
36863
977916
39220
982229
989527
998682
1004768
1008256
UUAAUOE
984032
45923
38312
991871
13246
1000216
26960
8276
1008841
8076
1012489
23910
48792
EAIEIAI
1008094
1009591
23217
1018270
1025430
O
31846
OAAAUAAAU
42468
1019138
40404
1024025
9252
33268
34825
65133
1028139
1030647
1033645
OAAAUAAAU
1033377
49705
18013
25370
1038807
1041846
16046
1404
15858
1042079
IAIAA
12400
45923
1033362
EAOI
1028007
17184
1029121
1036627
8276
OIIA
17184
1027261
20858
1030733
AAUOEIAU
1019332
20694
53508
28573
1019618
1022472
35581
OAEEA
1007048
18210
35538
24775
1009637
IIIIUIO
36874
UIOOAI
984010
991330
UAAIOIEIA
25008
979109
UAAIOIEIA
39767
987073
EU
973377
975461
977717
979950
984918
987537
995351
EU
O
971726
981343
985069
15858
66929
27322
IE
23217
984426
IEAUI
969599
970715
980097
985682
988818
989286
AEUAUE
990472
25331
29668
27560
EEO
966389
E
958669
EIEOAE
940240
946356
952423
959790
EUE
942761
OAAAUAAAU
933275
EIO
928776
28646
6424
933031
934271
17312
28547
934995
939832
944950
25224
954860
44021
41656
IOEAEO
36689
947332
952864
961761
962761
969560
14720
46270
970478
AEUAUE
30296
31466
38710
960071
964804
3120
35693
45826
26522
UOUUIEEE
27168
18065
961930
34491
29971
971666
AUAO
956676
959829
EEO
938511
28646
E
940771
945813
951059
958408
E
966025
966563
974096
10664
982008
991901
995236
998012
23255
EAIEIAI
31299
34468
35728
981477
984970
10028
38419
989139
29244
IIAEAEAE
24442
48243
20476
25165
OE
28481
967149
OE
27322
974031
981854
982993
UEU
963821
967986
974300
51821
976179
20476
978076
985698
IOAOAUAOEI
974185
AEIUU
957878
19460
36874
962491
OEAEUOU
963172
964339
968502
975044
984407
992219
999275
42641
1001704
1002376
1010956
1015188
43224
1024014
46441
1033806
11713
1036689
1036926
36403
1046461
46441
29039
1052851
19103
15767
1054456
1054580
18013
1058781
1059103
IU
IOAOEAIUE
34491
UEUUEIU
35693
1020074
1029933
43870
1030154
1037839
17184
1043164
1044932
1052476
7634
1056056
1062916
25932
1064969
1070520
35520
30645
1072320
1077189
IE
1059798
1060188
OAAOEUAO
7634
OAEEIA
1029631
27560
1037933
EOO
1020506
1023519
40092
1028447
1035580
1038281
EUUIAI
1031426
OOIIO
68902
1014158
1021405
1021441
1023257
11366
1024738
23106
39361
1031758
1036012
IOE
34115
1023047
1027870
14079
15984
1029176
AIOIOI
23080
AIOIOI
1020792
1023890
1033491
58656
20347
42902
1041834
26960
44393
1048888
24442
27560
1050743
A
45042
20476
1030395
1031041
1031183
43224
UIIEII
1026492
18065
25331
33857
UIIEII
1031405
25236
1038975
1047836
1048868
20975
21678
16046
1049530
39743
OAIAUEI
1044400
1053093
16046
45977
OAOAEAE
1049363
OOIIO
UUOEEUU
63053
1007840
1010298
1015963
23910
19833
1020863
1025552
29738
UAAIOIEIA
1007264
IEAUI
1003408
1008156
1012614
1018825
30470
46033
1020093
43870
43638
1029991
21544
1030532
22904
1032490
1037260
46764
63053
1045100
45913
1048915
AIOIOAO
EUEEAOIEOO
1013169
17852
17184
1018999
1028762
12400
1035426
1044965
17184
1048606
EUEEAOIEOO
1054494
1057713
1067121
1073736
45913
45756
18065
1078595
IA
1067351
45977
IOAAEEAOOE
1043446
OOIIO
AIAOEEEUI
993095
23106
60191
46764
23830
1002703
1005379
1008406
1014625
29039
1022907
1028831
1036801
23080
1042726
1044380
1049841
1053855
30791
EAEUOEAE
18065
1025526
1029633
UUIIAAUO
1016325
1022859
1030815
UUIUIEIOUI
OAEEIA
35693
31102
25932
1008685
23080
21292
EIEOAE
1004511
13153
1011223
1019348
1024880
1029228
EIEOAE
7809
1035277
1041824
30791
1044170
UEOAIIAIE
1037193
EEUIAIA
1021666
21292
1030390
25224
1034589
1041933
27864
42641
1043060
EEUIAIA
1047884
40490
1057592
1065916
1073407
1077203
1080115
29983
26522
21292
EO
27033
27372
1077709
EO
AAOIIA
44446
4202
25764
UOUUIEEE
1067867
UOUEU
27372
UOUEU
1058174
EUIEA
37035
1054576
28333
1058041
53211
1066866
UOUEU
31272
54504
34825
II
11713
IO
EAI
IAIAUEOUI
13153
966022
975011
980196
981874
990410
998695
24456
1004648
14373
25224
1014299
1017077
1023926
47893
7809
IIEIEAI
997939
1000064
1006349
75548
40652
1007883
34013
EUAEOEE
EUOIU
970278
39743
970918
53362
979373
EUAEOEE
25932
26719
51687
51791
33230
EUAEOEE
26719
20975
982950
11713
40011
AEEIOEIUIO
47893
UEIIAOAI
964722
37035
971844
980088
13520
982728
40190
992472
992895
34825
AOU
973373
37343
8981
30877
981401
982409
985302
31272
43562
987021
989764
25165
997982
29244
1007833
43522
AOU
85009
1008885
1009663
45756
22540
1014573
1023186
36628
AAOEAOUI
30877
OIUUIU
46033
OIUUIU
994005
OIEEAIIU
22544
983519
991995
53989
EIOIEUO
974473
979851
34567
35693
981457
984277
993638
26719
1001646
10028
21390
1009467
OAIAEEO
982120
38312
33728
76247
985013
990827
IOUIAUO
977893
42047
985410
23339
993612
11951
66691
EUOIU
983732
EUOIU
983493
I
959063
967530
25802
IUEIAUOEOA
956545
957231
959743
52508
962391
966603
972357
974472
978404
978879
7809
979978
43522
985331
46529
988303
26133
990335
996173
17184
70886
998562
43770
34049
1005570
1013143
44446
42047
1020511
18210
1024890
1033318
25165
1035210
2883
36381
1044371
27934
1046337
31102
1053557
UIIEII
1044951
14988
1048885
1051872
IEAUEEOEO
1054032
OIEEAIIU
1048677
EIEOIEI
45977
1049781
33728
58951
40511
1056491
1066407
1071285
37403
1071865
1077951
IEIUUE
1068144
1072165
1081825
EA
26719
41318
33728
1078757
1088432
9901
1094167
40363
1099914
1109198
UAIIA
26133
24442
1098680
49886
52508
UAIIA
70886
52144
EIO
1091848
IUUAAAOO
1073293
1076277
36381
1082284
30791
1087394
1093505
1099573
1101939
21861
36360
45107
1105826
1109095
1113813
38312
29652
1114436
1122191
IUUAAAOO
1121578
1126740
UA
32631
AEUAUE
14569
1120787
1129353
14569
1134251
1137743
1138601
EEAIIAO
1121536
1128323
1129546
27316
24513
1133291
1143206
19103
1150651
1154071
1159347
1160117
1161334
1170808
1176472
1181404
1184199
23290
1186346
IAEIEUUUEI
1174780
1176012
1176466
1184722
32677
10028
54805
1189165
40250
1194770
1203537
1211188
IOAAEEAOOE
OAIAEEO
1186657
58656
46529
1195206
1198407
AOOIIUIA
1186466
1190830
1197766
1200790
1202541
1207373
14751
1209012
55128
1214885
AIOIOAO
OEAEUOU
UAIIA
IOAOAUAOEI
1154814
UEOUEUEA
1141556
46507
1142706
43748
1151538
1154621
43770
37403
1156573
1156922
1158251
53362
63052
1164424
UEOUEUEA
1170913
1170951
1173370
42868
1173744
1177228
1187041
40011
49901
15388
37915
16879
1190428
7634
1192055
1195883
1197503
1200310
UIOOAI
1195535
1201243
IEUAIOUAI
1178247
1178346
1181788
15926
1189018
1193043
1196286
1202669
14373
63052
1206767
45986
1209065
40355
IOEOIEAAOO
1194449
1200859
OI
1191819
OAIEOOOE
1183166
39361
IOE
52508
1168028
40185
EEO
62389
EAOI
14373
UU
19061
16046
48608
1104109
1111989
1115467
1120087
42055
1121123
OI
1106457
10028
34013
35098
1114674
1122182
52508
1129618
1132052
42155
OI
75548
1132929
1142681
1149219
58656
1154966
1157873
1158842
25973
67767
40185
25294
IAOIAOEIA
43165
1140240
1144215
1150652
25973
1153824
1161959
15283
1171678
47934
1175882
AIOE
EEE
1145249
IAE
1129295
IOEUE
45089
1121247
1129402
41796
AAEUOI
1128344
13662
1136965
41633
40190
1138607
1140785
1142140
1144925
1150210
1152950
17252
1154250
1162197
1168205
30796
1175299
1183913
33323
1185669
31443
24442
25294
20277
1194968
47158
1204284
IOUIAUO
1194568
38195
1200263
1205054
1211148
1220123
UOUEU
1199828
1200090
1206941
1210376
25872
1218965
1220166
1227117
1230473
1240111
1248799
41318
1250891
56462
EAEUOEAE
IUIE
53179
46033
55139
1246704
33278
1256575
1263656
39758
1271807
1278129
IUIE
27934
30296
1277331
EIUOI
1267980
62389
27316
32403
1275964
1282593
1287432
1288541
52403
EIUOI
55487
1293606
1294386
1299435
OAIEOOOE
EIEOAE
IOAOAUAOEI
EIOIEUO
30122
1242149
1248865
1257100
60191
1266508
47158
1266593
1276026
1283170
1287296
39441
EIOIEUO
51192
EOOAUOEE
31113
45089
55128
1288757
37403
1296106
1298027
1307934
9901
20047
23910
1317491
1322449
1329713
12004
1331486
1331498
10037
1333598
1343515
1348415
1358044
EAUA
1350682
1351946
26360
1354463
1358958
44446
63052
UUOAIIUEIA
1336077
1343378
1347692
1357670
41971
47158
1363866
48920
1372055
1377361
1383594
1385712
1387245
26226
34689
1396171
23740
1398253
12462
1403740
30122
1409196
1415371
1416654
1421099
1424444
AIEUO
AIOIOI
13662
IAIAA
IUIE
EIUIEA
1370208
1373493
34967
AEIIO
1374573
1382504
7634
46257
1389507
1394755
1404589
OUEUIUA
42025
IE
46507
1376395
1381338
54303
18210
1385829
1394105
1397737
1402479
22672
45740
1409656
24629
1411137
1413641
1419686
1423007
1426120
46529
42868
IE
1427644
24501
1432915
1433248
1436118
1444174
1451613
12462
1453887
1462435
1467921
24614
O
24501
1458160
1462026
47158
1466855
1474751
1476849
40011
36597
39260
IAEEUOOAU
33711
UUOEEUU
IAEEUOOAU
67767
1454746
1455268
1463241
1465017
UUOEEUU
UAUUUAEIUO
IIAAEU
44902
EAOI
27108
7634
49830
50710
45089
AIIEI
UEOUEUEA
1380472
24865
UEOUEUEA
25764
IOEAEO
20047
1356546
OOOIUAIUIU
71900
1340139
OAIAUEI
43562
1332115
1336724
26601
40511
7634
1344396
42329
1353159
21861
EAOU
1338628
42940
IEEAIEUO
51192
1322331
1323793
OEAEUOU
1305180
54968
1308348
28722
37403
1310438
63596
AEUAUE
44446
80621
63250
1286937
14344
UEEUIU
67767
31113
1266399
1273385
71900
OOIIIUE
1259407
1265521
1272525
1273489
1281899
1285671
40011
OAIEOOOE
45437
53933
45173
37777
22356
44089
1280437
38195
1289178
1294947
1299817
30643
1304371
39330
1311029
38312
1312567
1318816
1319177
1324438
OAIEOOOE
1329678
1336233
1338222
AEIIO
1340886
1349447
1356028
1365753
1366286
1368992
1377754
36597
1378371
1384811
26133
43421
1386220
1386416
1391885
30898
1394037
1398263
67767
1402079
1409784
1410819
1417286
1420214
1421885
1431319
EEAE
1406629
1415814
EEE
1416302
1418267
1427031
1429098
OUOOE
1420444
1427428
1427787
24614
1431536
51700
55187
1440975
1447705
1455489
30817
30122
10037
1460125
1460971
47158
27126
UIIUUOEO
1448016
1457525
IUUOAE
40363
1444890
37403
1451753
41318
IOAOAUAOEI
1430576
1440181
38735
56155
1448373
OEAOOIUIEE
1444453
64713
1453787
IAUOE
1439936
37403
55118
1444739
41318
45986
1449461
36597
47828
1458855
1461527
A
45089
1439441
A
29293
1445887
62876
1454694
1458713
24614
50710
1463626
20928
37600
69824
36781
52144
25165
OAEEA
1459732
1460566
13662
1469255
40011
49194
AAUEUOI
UIAO
35281
1426706
1431899
1437336
45089
UIAO
49886
EEAIIAO
1427006
52306
1429385
1437932
1445582
1453861
1460205
1464501
OAEEIA
1454426
UEUUOEIIOO
1452458
52306
1459140
26133
1463488
1470443
1475313
1480843
1485357
1495169
53933
32945
1498560
1499390
1509291
51377
40511
1518864
1528846
63596
43562
40170
1529647
UAOOIEOIA
EEE
22797
16895
1524050
14171
1526377
OIOAEUA
8364
1512991
1519076
1523383
60842
1528750
30105
1534286
78558
28722
1542123
57461
1548381
30105
1557797
1566925
1568601
64219
37516
1571975
IOAUEUIOO
IOE
1527967
60191
15936
EAIIOOA
UIAO
1494657
1503477
1507508
52306
56177
1515664
1518703
1526852
IOEOIEAAOO
1524703
1530223
55777
1535750
1540291
1544139
23910
1549921
1551160
1552023
EIUIEA
21167
40511
1536498
1539980
1540305
1548462
EIUIEA
1553803
23713
52144
1555629
IUIUEOII
30105
1553878
1563774
38658
1567330
1576473
EIOIEUO
1578505
1583846
1587380
35071
1595219
29652
IA
EIAOEOUUO
EIAOEOUUO
UEIEO
1538961
UEIEO
1539968
UEIEO
49901
1543199
1546538
1548594
1550533
42363
62876
1556333
12680
1559273
1564441
1566693
39940
28613
1572410
1573519
80185
45746
67332
1580689
1585958
1592323
55187
36197
40511
55777
44501
UEEUIU
1588560
1598528
1598897
39940
1605285
UEEUIU
32790
1604566
33278
1609700
16895
36597
1616871
1623148
44501
1627122
1636004
1643788
UEEUIU
52403
IEEOAU
60344
24614
45986
1629836
UOIAAUAIU
46565
1629068
33892
77925
1638203
45188
39758
1644609
55187
34037
IIEIEAI
1623659
59920
1632192
1637380
1641278
I
IEEAIEUO
60405
53895
54628
1610094
48763
1613070
42253
1620883
1623201
IAIAUEOUI
1613110
1614623
1618942
1626685
1629158
IIAAEU
32469
46507
1605852
1614389
EUAEOEE
1615060
1616054
1621307
1628352
33278
78558
78558
1637344
16895
56702
51377
1638601
55777
1644098
30384
1649435
67037
UIOOAI
1640306
1646871
16618
15283
1656511
1660906
1667300
EUOIU
1668559
1673132
38658
67767
1683025
1686894
26522
1692047
1692512
12680
1697102
36197
1706737
29652
45182
1713915
1714383
18404
1716086
1716194
60826
1722853
1726998
1736673
IEUAIOUAI
IUEIAUOEOA
UO
1708724
16618
1717557
54628
1723952
1733355
1736883
1739084
22570
1740164
1747364
14373
EIUIEA
1725145
1734142
IUIE
23713
1713940
53565
1716755
1726283
1727738
51546
42253
34037
1731099
1731437
22356
85009
73667
1737796
AIOE
AU
1702312
56177
1708450
78558
IE
1703588
21597
59149
18404
IAAAO
1689494
1694004
IOAUEUIOO
1677766
53565
AUU
1681670
1684975
1687429
AUU
68328
47958
1690099
1693795
1698369
1702350
1712130
22544
45188
1713457
1722402
1729220
1734061
1737260
UOUEU
1721429
49886
49509
60194
1725996
UE
AOUAO
73229
37005
UAOOIEOIA
46507
1691214
1692530
29581
1701158
IUIEOUOIA
1694891
50781
1696630
26522
50781
1701011
1704266
36652
1708853
23713
54303
1711184
33766
1713298
18404
32697
1722299
42253
1729394
69380
1736416
1736892
51025
1744552
51035
1753735
1756601
29581
1763780
27108
1771557
1778324
1778330
15283
1778403
1782580
1789978
1790983
EO
IIIUAUEO
OAEEIA
IOAOAUAOEI
1713028
IOAOAUAOEI
1712235
1713848
67332
1722177
IAEIEUUUEI
1719759
1720786
56462
EAOU
1702802
EAOU
1707152
27957
1712177
1717285
26133
1718328
1723422
38932
70600
47773
1730643
1733364
1735648
56778
38735
26133
75519
IUEIAUOEOA
68915
UUIIAO
1695488
1703939
1709817
70126
1715520
1716724
1719305
67037
1719922
48920
23728
1722745
15283
1728505
1734456
1740253
1746540
UO
41796
IAOIAOEIA
UAAIOIEIA
1724938
46591
IIIIUIO
1729154
EIUUI
68763
EAIAOAOO
IUUIUIUOE
1695070
1702828
1711572
OI
44471
70194
38859
1714384
1722448
EUOIU
1702703
70126
1710390
1715603
36781
51377
1721348
1725910
46291
1733187
EUOIU
33332
26950
39920
1733107
75803
IAEEUOOAU
57104
47958
UE
1712720
27613
23088
UE
27880
1712727
UE
1712941
1720855
1723948
1724105
23713
37343
52306
1729845
1730292
67767
1734580
UUIIAI
1731579
OUEUIUA
IUIE
1705480
52293
33751
1710436
1713348
IU
UAUUUAEIUO
1698936
48065
65105
38260
1703519
1710429
49886
54038
68915
50585
1718849
1726632
51217
61403
1729368
1735062
1736091
1743850
30887
51287
EO
1722868
1730439
36781
EIAOEOUUO
IOEUE
1708457
31789
1713015
1720361
1722252
1727774
1735372
57919
1741239
1750986
39258
1756632
1760922
1769067
1775450
45045
46439
1784881
68915
45837
1785418
1790964
1795025
1804284
27108
1811320
O
O
33278
1793857
1794285
1794557
UO
1766429
85916
1769722
1772205
1774460
1783530
87972
1787020
1789885
1797484
1801204
67037
1807356
36781
1813012
OOOIUAIUIU
1792321
1792507
1802029
1803942
1812734
1815646
1820271
25398
1827400
1834221
54223
AIOIOI
1811944
15762
1812327
1813921
1819028
1822169
UUOEEUU
UO
1774914
1784373
1787549
1793348
1797946
45182
1799992
1809709
1813780
49509
68514
IIUUE
1794055
1799740
1807716
AIOIOI
1787714
1796973
73302
1797021
1804320
1807862
1816596
IUOUEOAI
52403
1799831
1802824
1805191
1813773
1817711
1825686
1831057
1839547
1846140
1848763
45045
IAOIAOEIA
UAAIOIEIA
1818874
47664
1827088
AUAOAEUOEI
1807119
1813125
36736
33543
UAE
40533
47958
81643
93945
1789605
78202
1794190
46455
IUOUEOAI
1775361
1778026
IEAUI
EOOAUOEE
1752826
AEEEAOU
1750082
54223
39758
50585
OOIIO
68915
1736523
1745718
1750209
1755524
1759318
1768711
45925
1777240
AIOE
1769031
UEIEO
EIEOIEI
1739221
53860
1742264
52403
IAEEUOOAU
1734780
IUOUEOAI
37005
43165
62666
53860
25770
50781
1717300
1721006
UUAAUOE
UUAAUOE
1698156
57291
1703043
1712911
40355
33332
77153
34856
1716077
1721237
1723936
OAEEIA
1718127
1718607
1725316
1728712
56778
1733604
1733864
1741255
1744313
61835
37343
1748133
1751035
1759012
1766786
1768486
1776375
46591
1776621
1780681
1781350
1786697
73229
1794175
43956
48017
56557
1795093
IEUAIOUAI
68915
EUA
1775758
1777079
1781422
37343
1784457
61807
1786764
UAEUE
1764106
58461
EAUA
1763001
62921
1772530
46468
61059
1774130
1777533
1786287
1789528
E
24971
1777534
61059
1785411
32469
1792021
1795152
43118
1799822
AEIIO
IUEIAUOEOA
84892
49435
1752576
1761954
1769713
1769714
70096
1774142
1782103
1788963
22544
1796484
1806241
52293
1807173
1811398
1813334
1817100
UAUUUAEIUO
1793145
51621
1794996
1799979
41105
1801967
1804963
IIUIOIA
IAUOE
40170
1794064
23910
26326
1795176
42979
1798378
1808119
1817748
63255
1826985
27880
1830669
53860
49873
37005
50427
32945
1835149
46565
1837812
1842184
1846563
IO
EEO
87486
26837
1838020
1840803
1848798
46643
30761
EEO
1850590
1850835
56973
1851897
1851927
34631
32259
1859332
50781
1859429
1862698
1868945
24971
1878849
57291
46468
1879043
58461
1881647
1885570
1893347
54628
57159
46666
IEIUUE
AEEIUEAE
1850098
1857143
56421
43165
48883
1861966
1868217
1872702
99549
63255
35639
53860
33278
1873252
1873262
1874619
44819
IEUAIOUAI
1873662
1875861
45182
1882099
39758
1885414
35046
1887949
1889643
1898659
1906378
54043
1915268
1918758
1926082
IEUAIOUAI
43150
72449
56973
60562
1921173
1927417
1929696
1929844
1935747
EAIIOOA
1935595
1935788
1939498
1948108
1949532
1957527
1958013
1964029
1968062
22335
1976403
76364
43501
49873
EAIUOOAE
62520
1969850
IOAO
46439
43453
57159
1961644
1971625
1973479
IOAO
IUOUEOAI
49901
1961361
1969177
22335
46643
1977814
27803
1979449
40190
1983256
1991375
22570
68514
2000200
46591
2009233
2018339
51700
46666
54043
43118
2021502
2026393
2034891
2040352
93945
40533
AEEIOEIUIO
EEOA
2034783
2040049
2048831
32521
37569
43118
27578
UEOUEUEA
2029044
2029257
2037828
IEEAIEUO
2018667
2019871
2023830
2026494
U
EEUIAIA
26326
47500
2012861
2015409
2016131
49873
2022475
AEIIO
31433
2014581
2020098
2026821
2033150
2037829
2037920
2040787
67665
49435
93945
42045
53871
2048761
2056404
2066369
70096
2068757
50710
2074756
2075593
AIIEI
EEAE
2032574
69900
2035456
73367
EEAE
2040999
89640
2049083
2052689
2060451
71874
56557
46455
66510
EEAE
76364
2050356
2060322
51700
46666
2061466
2071440
2079039
38948
2079868
60826
2086172
AEIUU
2077703
2083063
2088163
32375
2091388
2093697
EEE
65787
2075369
38640
45925
OOIIO
2060121
69273
40170
2066300
2071647
2079340
51025
2083463
28372
2085170
43150
82357
2090942
2099218
2101245
2108013
OOIIO
2106105
36390
2113972
IOUO
2104623
2112002
2119954
2121773
22570
2122833
56778
UO
2105059
2106108
U
2098389
2099429
OU
2085925
2087449
2093430
2095859
67332
46468
65884
2100526
2101954
2109364
2110898
62458
2116317
2121564
49901
2122380
2130166
53049
56177
2133645
