66
QAJI 11 67 25 57 36 45 10 34 24 67 67 34
ZUBO 9 53 58 11 52 57 38 11 40 62
TEQEME 2 52 45
GA 11 7 45 21 40 72 27 61 13 41 67 76
BEVUSO 7 30 24 29 14 78 16 74
WI 14 52 12 8 40 16 79 37 75 77 2 37 47 41 45
VOXUPEXU 11 68 1 54 6 19 58 17 20 43 55 34
MIGI 9 75 59 7 44 29 37 12 45 20
WEGAQIWA 3 60 24 57
QA 2 2 79
FE 1 61
YOWIFOPU 8 47 1 21 70 22 46 70 59
YUSE 15 51 17 68 65 34 14 31 70 72 79 5 46 45 44 7
XUFATE 11 77 30 72 37 54 20 4 19 67 80 5
YOLETIVE 11 13 30 67 24 56 71 43 49 31 66 46
FEZINALI 12 76 13 49 57 4 70 66 70 66 64 46 24
DOBA 3 5 64 14
WEBIZO 7 66 12 68 27 78 61 24
RAFETO 14 1 66 8 52 17 69 50 49 6 22 61 21 25 64
CIBA 9 7 10 50 51 7 11 70 2 26
GU 11 73 60 74 30 58 11 63 4 1 58 77
RI 5 16 33 26 33 56
SI 13 58 23 50 73 51 56 49 71 19 23 8 23 77
WOMUKEQA 7 65 16 21 71 33 60 78
MA 9 76 40 42 43 44 12 62 29 3
YI 12 3 31 38 25 76 61 3 11 28 40 47 30
RUDA 9 53 53 7 26 40 58 71 44 33
CIJE 6 2 69 26 49 40 52
ZOYIMA 1 25
PU 13 13 80 48 27 60 47 40 44 15 30 7 21 49
TO 2 51 39
NESEBO 14 2 42 10 77 57 75 73 29 63 5 56 29 34 43
JESAJEGU 4 45 74 32 64
SEDOGIVU 1 57
LONI 3 34 74 72
QIWOLA 9 42 6 42 12 70 11 39 55 51
FEXU 2 75 67
JODAJO 11 31 37 77 8 71 42 12 49 13 70 26
COJEZU 1 79
XUBE 4 11 13 9 78
JAMEWA 4 34 21 75 28
ZA 13 24 5 76 79 15 12 68 74 52 18 45 74 22
XAYIHONO 9 74 4 45 51 48 59 76 11 49
KEDAHORO 13 38 54 64 67 19 60 9 35 37 45 41 69 44
FONU 8 38 74 67 17 60 65 12 42
TUXE 1 2
COQIXI 1 8
KAHIFU 13 65 3 55 3 20 55 40 70 34 69 61 79 3
RAJO 15 33 36 74 3 26 33 29 57 56 23 8 72 19 2 76
SOWALO 7 57 65 59 53 80 19 72
KIKIYUMU 13 17 65 50 70 26 62 32 11 17 60 66 19 3
MAFUWI 15 64 31 15 51 27 10 54 39 4 37 24 71 69 37 25
YIXU 1 78
FA 1 74
SAYOVEWO 7 70 66 35 45 45 11 6
KOSODOJI 8 63 3 48 17 40 15 21 6
LE 4 48 80 2 8
CEBA 8 25 47 73 80 42 7 79 26
SEDUGE 5 48 11 27 63 21
MOWETO 3 34 71 79
GEVA 14 44 65 58 74 47 62 77 56 31 54 49 45 43 38
WIHIGIXO 13 74 12 42 14 57 27 67 75 54 27 7 42 32
JECICIKU 12 71 16 51 3 70 21 6 59 45 10 29 20
SUFOYA 4 23 9 43 62
BETIXIFI 8 32 15 59 70 41 24 2 15
ME 11 77 78 42 20 53 14 47 77 69 38 63
MA 4
20
TEBAS KANAN 7
SWEEPING XUBE 2
CRUMBLE
UNIFIKASI JODAJO ZA
QUAKE SAYOVEWO 10 1
QUAKE KOSODOJI 44 2
RISE WOMUKEQA 58 3
UNIFIKASI YOLETIVE COQIXI
SWEEPING YI 9
SWEEPING ZOYIMA 2
RISE DOBA 50 1
RISE QA 66 1
RISE RAJO 11 1
CRUMBLE
CRUMBLE
STABILIZE
STABILIZE
CRUMBLE
TELEPORTASI SEDOGIVU
UNIFIKASI ME TUXE
