71
RIPI 13 13 19 44 20 66 6 17 68 24 33 60 8 12
GEWE 2 14 58
QI 5 18 43 12 31 5
RIMU 5 45 52 55 79 10
GATA 8 71 27 59 9 73 45 49 66
VOBA 11 33 73 45 76 9 5 58 66 25 64 57
ZONI 12 73 58 54 67 60 27 10 1 9 71 41 47
WETOJI 10 46 51 18 64 50 53 64 73 42 29
XITU 12 58 4 55 52 42 5 14 27 36 79 9 13
WUPI 3 52 79 56
WIMA 14 43 17 66 51 23 34 45 1 53 20 33 32 75 33
LEKO 13 7 14 75 47 14 66 43 76 56 15 65 33 52
KAMEYOME 6 6 75 13 40 51 27
KA 4 22 66 71 50
RAJE 1 2
LOPELE 3 19 75 13
LOTULU 8 76 46 77 65 33 4 4 74
CI 7 80 71 67 24 37 66 67
JAYISEKE 13 77 12 25 43 79 22 72 75 61 37 17 66 73
DEBOMOVA 15 27 35 34 10 9 8 74 60 15 66 36 54 43 1 58
QAZELA 4 9 30 63 15
GAMU 2 55 17
CE 11 64 79 54 48 43 78 3 14 68 77 13
GU 6 15 39 11 77 32 19
MOJO 1 21
MOZI 10 27 21 64 26 70 34 16 29 41 57
SODOBUBE 10 4 50 53 17 3 14 43 48 56 43
HUNU 8 21 42 58 40 76 13 76 19
HI 3 45 50 32
VABO 15 32 35 55 54 52 17 65 18 2 67 28 15 16 75 13
ROYOHOMU 13 52 35 14 45 61 63 45 57 25 14 26 63 41
SIPIWO 1 52
FO 3 24 5 47
POPELA 4 7 56 30 56
SA 14 55 75 65 4 72 57 68 29 8 5 75 41 13 67
TORURIJI 11 63 42 23 16 25 33 63 26 5 73 2
JA 10 32 45 15 42 72 14 41 40 59 25
FUPUNA 9 69 44 24 51 21 11 78 75 17
BOYAWO 12 8 18 78 33 51 41 66 61 26 66 49 63
NU 11 63 36 56 62 31 54 58 21 62 9 17
ZE 6 36 26 50 75 11 1
XITEDOGE 8 66 8 71 2 14 18 49 62
VEDA 4 2 40 18 61
QAWA 8 41 70 56 67 64 78 71 21
GEDI 12 41 41 39 76 66 18 62 65 16 69 50 16
BONOJECA 6 22 15 73 8 20 8
YAXUMI 1 33
GITOYE 5 32 55 69 41 77
GIHA 6 38 56 40 54 22 50
GUGEFI 4 50 27 69 75
CULAVA 12 40 51 3 54 61 71 66 65 40 35 41 25
GO 3 56 12 72
YUTU 1 48
GAWIDE 14 65 17 36 29 28 59 49 16 44 58 43 33 20 43
BAYOKO 6 45 11 80 46 3 36
YOHEJINE 2 36 63
RECIZUDE 9 23 19 3 17 32 7 16 58 7
TAVO 14 64 32 50 34 3 42 5 34 15 4 76 15 2 80
DA 14 47 29 13 50 10 68 74 34 23 53 5 25 59 17
KITEFEMA 11 53 12 44 66 56 80 32 68 73 44 61
SO 7 80 25 69 40 73 45 27
TALE 14 5 8 58 57 43 15 60 43 31 66 29 20 22 33
XEQAXAVO 11 69 70 38 21 6 13 75 56 52 22 61
SUPASA 4 35 79 11 66
BOGI 10 24 69 69 36 4 47 5 70 32 17
BOVU 1 18
BUPAHA 6 59 62 10 43 8 80
COZOWOGA 14 7 50 12 46 71 62 50 59 3 16 21 58 44 30
CUFEXULE 9 14 74 21 54 45 26 73 62 48
FEWEMA 10 30 18 77 43 58 3 49 18 49 41
CO 1 62
YAXUMI 1
3
UNIFIKASI WUPI LEKO
GERAK KANAN 7
TEBAS KIRI 7
