86
RUKOJAXA 6 20 30 53 49 42 10
TIYU 13 13 50 37 68 20 56 15 56 41 43 38 49 27
PAGEQE 9 38 43 41 78 33 32 76 6 12
WUSIKI 4 69 53 16 1
NINI 11 27 59 33 79 2 37 26 54 53 18 34
DOWA 8 5 16 43 69 74 59 58 61
PAKOSUJE 14 64 36 49 77 41 36 5 27 60 59 1 17 50 60
MIPAKA 4 67 40 63 73
GORUYA 2 43 39
TI 2 20 40
ZI 13 56 44 80 24 25 59 74 16 16 73 68 17 28
LOHI 5 36 18 26 78 4
KO 1 62
FO 4 56 49 25 61
RUKUMA 3 25 66 38
WOJUKE 4 16 78 41 8
JA 7 42 15 67 29 18 41 26
PE 1 29
KOROGI 3 69 21 47
BITU 13 4 20 64 56 14 71 54 69 51 58 49 80 12
WONISA 5 22 48 32 15 18
XO 12 35 16 48 47 49 9 70 36 47 18 80 43
VAXI 13 79 79 44 22 60 42 20 44 5 45 46 24 71
ZEHOKESO 4 71 18 16 14
KUNAHA 4 49 80 28 4
YIGAXEHU 9 30 30 60 73 38 39 3 7 59
CORU 13 78 70 34 10 4 69 54 51 71 9 68 32 54
NO 12 57 46 63 66 57 76 63 31 73 79 80 28
YO 15 18 14 7 79 57 79 65 3 76 29 29 14 51 4 68
FA 2 44 80
SECAVI 10 60 17 68 49 50 79 31 11 75 65
MAPIHA 4 77 26 26 47
TOMOMENE 10 59 39 72 55 12 19 43 56 70 35
FETEMUKO 6 74 11 27 29 46 25
GUMABI 14 9 66 17 61 15 9 76 11 78 52 4 15 38 21
DU 5 26 16 59 37 39
XUNEMUZA 4 23 50 29 59
QUYOQEKI 6 17 56 28 35 69 29
DANEQU 15 9 50 17 34 31 9 28 38 2 70 36 53 44 59 54
WUFEZEYI 3 39 66 1
BEQOYU 8 4 3 49 61 28 8 58 20
KENOCOCE 12 67 22 25 13 18 42 30 75 69 62 32 36
HONI 8 7 27 20 8 46 73 43 50
ME 11 38 44 35 70 54 52 9 53 12 62 32
FUHO 3 40 11 8
WI 4 19 65 18 3
QI 5 76 40 40 2 25
NIGEKIZO 6 40 50 39 15 64 61
SENICI 8 10 59 74 7 32 22 43 14
RI 3 17 75 2
BO 11 48 15 13 34 58 52 33 75 45 16 58
ZOHU 5 3 78 48 62 6
WIQUWOQA 7 74 77 23 2 24 27 3
JO 2 25 7
LASO 14 68 50 30 55 26 20 22 8 10 24 74 10 1 26
HO 1 27
DALURA 1 18
DI 1 54
ROFI 8 48 64 33 4 76 30 80 75
CAPA 12 57 40 2 19 60 38 51 35 1 5 4 76
MICAQE 15 80 58 24 67 75 48 35 69 66 70 61 24 35 3 33
BOYO 15 28 57 33 15 27 36 75 58 52 14 17 42 53 26 16
KUYIBUGU 13 21 18 31 30 51 11 51 63 45 69 6 44 64
RA 6 19 24 49 22 50 49
YITI 9 68 52 80 18 62 26 30 18 66
XE 1 35
CI 1 37
SI 6 59 8 6 22 12 20
XAHOYENI 15 3 12 57 43 69 43 6 77 17 71 64 41 58 54 54
LEZI 1 10
ZU 5 37 45 42 43 71
JAHAPONI 10 57 20 69 46 15 65 15 62 1 78
SAJA 5 22 4 30 36 1
XELA 1 5
NIKAMOJO 3 79 55 47
GE 8 63 15 65 31 63 34 75 24
ZIFIDEXU 3 22 38 26
TARO 7 74 60 41 73 77 45 76
MI 12 23 4 45 40 35 46 10 62 62 36 19 78
LIWEMU 8 62 55 9 68 11 58 45 13
RO 4 36 69 44 62
BONA 11 4 21 17 44 53 39 56 44 1 56 14
VUSOPI 4 49 58 56 75
QILUMU 8 62 75 62 13 44 9 70 54
NU 3 59 8 50
NI 11 12 11 28 65 44 57 65 10 22 7 57
CAPA 11
7
STABILIZE
TEBAS KIRI 3
STABILIZE
TEBAS KANAN 4
CRUMBLE
GERAK KANAN 8
GERAK KANAN 2
