18
FU 1 76
KO 4 65 76 67 9
CO 15 7 24 44 16 42 70 5 70 45 30 57 47 78 37 44
SUNEDU 9 73 4 12 62 69 58 47 39 8
KIRIHEMI 3 71 41 37
LI 12 72 40 3 27 24 71 79 19 55 23 29 21
QU 4 5 65 56 69
CAWECUQI 11 36 41 42 14 55 56 17 26 58 9 5
HI 12 52 8 66 37 50 70 49 52 65 15 61 45
QITOLOQI 2 35 78
NI 9 75 80 8 29 57 19 35 79 51
SUYOPICI 5 25 65 31 56 31
RUXELI 12 30 72 10 26 25 66 11 46 43 22 19 27
QOZETA 5 37 77 41 39 60
FEWAFE 2 52 64
WIHI 9 58 25 78 58 3 34 57 71 74
MI 15 1 34 34 78 7 20 75 45 34 49 3 35 12 43 29
XACUGAKI 11 64 71 43 10 77 16 35 48 5 73 66
QITOLOQI 1
9
CRUMBLE
QUAKE HI 34 1
STABILIZE
GERAK KIRI 8
RISE NI 21 2
RISE HI 54 1
GERAK KIRI 7
QUAKE CAWECUQI 56 2
STABILIZE
