67
HU 9 3 15 58 37 27 20 57 33 46
LALOJAQU 1 17
KONOKIVE 4 39 55 8 23
FAVU 9 61 26 57 28 78 27 19 22 54
PUPO 2 77 29
PAWE 10 8 32 76 11 42 69 79 47 7 58
MIFI 15 16 53 67 41 62 38 72 68 14 46 39 50 6 50 70
RI 14 21 50 21 67 1 20 71 45 67 35 20 26 69 67
XULEMU 9 61 19 24 76 74 13 61 8 8
WIZU 9 63 23 69 71 47 44 4 42 16
FI 3 64 22 51
VU 14 61 70 49 33 71 49 59 53 61 63 1 2 15 11
NUCUQO 4 34 12 15 2
DEXUHAGI 9 47 68 43 24 23 13 8 46 39
ROXI 14 27 30 67 24 4 70 73 23 21 59 35 26 32 53
MEVEXIFE 8 42 8 31 21 75 68 77 54
DOCO 8 55 67 63 10 24 72 64 75
HAKUCI 2 76 57
SOZIBO 3 1 77 12
GOYORU 3 62 28 68
DEHEXE 7 25 61 16 47 2 11 24
NA 8 65 26 73 20 70 1 71 10
FU 8 71 50 58 56 53 32 50 74
TIVOXI 10 61 34 57 13 48 35 77 4 63 25
PAQEFU 14 47 16 52 15 22 62 63 12 77 24 17 17 79 34
TIXULU 4 66 68 44 45
PEFIQE 15 74 53 76 61 31 42 16 37 30 12 73 28 13 14 61
DEJIQE 13 51 76 69 22 34 32 35 53 58 68 19 42 33
BAGIKE 13 27 37 62 46 4 66 15 43 25 52 58 16 33
YE 6 14 71 37 69 52 4
ZUZEDE 4 37 68 50 6
KUPA 12 30 36 76 36 60 33 28 55 22 58 30 37
ZUXEKAKA 9 70 17 37 68 49 53 47 24 32
TELE 12 65 70 77 47 48 23 77 2 44 46 34 31
RAZA 1 17
RIVATUZO 11 71 23 47 67 75 3 62 47 65 3 13
KUZANEYU 3 14 2 17
MIPAHU 7 76 77 52 17 65 21 52
XIXE 14 74 24 17 30 5 25 62 77 7 13 9 44 20 80
DEMEWU 6 78 15 12 43 40 1
JANORU 13 80 18 49 48 43 1 31 29 69 69 59 15 63
NUBETI 5 63 56 66 3 10
KADOFUYO 5 41 14 49 17 74
QEXAHU 5 64 64 15 32 26
WE 6 39 1 70 5 50 52
RIRALEDO 2 3 14
GOGIPA 5 74 17 56 54 79
ZE 11 72 43 43 18 77 56 55 62 29 6 33
REKOZAVU 3 54 52 14
TEJOGU 8 44 33 53 45 76 67 72 56
VA 6 5 9 60 72 57 29
NAWUFA 5 74 1 26 44 37
ZAGEKUPI 13 37 43 7 13 73 49 5 35 31 60 31 19 50
LE 8 34 31 54 58 68 27 62 57
KAYIRU 8 2 77 28 49 5 2 11 62
XIRE 2 78 41
HE 15 33 73 47 76 41 13 12 15 48 60 53 32 69 2 20
SO 12 12 73 54 67 31 69 5 64 10 74 14 17
DILUQU 3 48 28 80
TI 2 4 40
BE 15 28 31 38 42 32 23 6 72 22 24 46 47 28 22 25
GULAQO 4 62 73 29 39
FO 8 16 69 52 68 40 23 67 41
QUZILAPA 11 28 35 13 35 56 63 35 12 40 11 77
FUGAKEKA 1 40
WITUBO 7 49 16 78 36 51 4 11
ME 9 3 39 28 80 72 52 69 42 39
YE 4
1
TELEPORTASI DEJIQE
