95
WIZE 10 48 80 79 24 54 40 31 28 76 36
GESOZI 11 4 57 76 62 75 15 61 43 59 76 7
SETUNIVI 8 11 10 30 38 44 72 41 28
MUMAQA 9 50 32 30 15 69 6 39 71 33
YO 6 61 34 41 36 39 21
SINEQUMU 6 58 15 26 18 57 45
YIYO 5 8 15 25 69 61
DEZEZIZU 6 37 1 63 1 53 14
BUZOHAFI 12 54 42 58 75 25 60 4 42 71 19 80 22
QOQESUNE 6 73 49 73 9 49 23
SECALI 7 64 15 80 41 43 10 76
RECOKU 2 11 69
LOHERIBA 10 68 16 40 19 19 49 58 7 9 19
HE 14 18 53 20 64 76 55 9 42 44 58 40 41 9 62
JOKA 5 58 15 24 68 57
KORINATO 13 55 27 65 34 43 58 52 10 54 42 8 58 13
RIPIHO 12 27 32 4 45 4 48 48 50 15 75 65 56
QIBOLIMU 2 48 78
ROXA 4 78 46 78 29
DUCILE 9 77 32 41 52 10 35 1 19 40
LAFA 7 9 70 40 56 74 73 2
SEKE 13 71 22 61 58 9 73 47 68 9 57 52 61 32
DIGA 2 11 3
MEGUQU 12 25 65 46 39 33 32 41 72 73 76 10 1
BUTILOCO 1 14
WI 13 53 61 58 64 26 3 67 26 43 59 6 35 76
CIMIYE 12 48 68 17 72 60 66 73 59 21 35 4 18
ZO 12 75 70 79 18 31 79 1 43 52 15 26 3
KUJAWO 11 5 5 9 18 20 9 12 60 73 18 51
MI 15 18 15 78 25 39 11 55 43 15 19 35 49 47 71 68
NOXO 10 6 26 59 56 9 19 51 11 42 13
GIGOBAJE 3 13 6 23
TUPEBO 11 64 39 64 18 52 61 30 33 28 12 36
DIMU 1 61
ROJIHUNO 15 44 12 55 6 67 38 7 7 12 42 46 78 6 26 44
KO 1 18
CU 2 51 78
QI 3 47 34 47
FA 2 56 64
TOGA 3 3 29 53
PI 10 11 8 54 70 22 77 11 78 49 19
QUZU 8 3 80 33 53 33 59 6 11
HO 14 51 2 56 70 78 74 53 67 51 42 34 71 2 26
DAKEZUCE 2 33 31
QOROMERU 10 9 29 57 12 14 1 2 78 57 49
LE 5 49 73 45 22 41
BIGA 9 68 15 67 74 11 50 59 73 29
FEHAJOYU 8 34 60 10 25 48 9 64 24
BUKIKUCO 4 20 74 65 30
TEKI 5 72 62 55 73 58
HUGAPO 10 61 22 67 58 4 18 47 67 38 41
QO 2 38 28
JANA 8 69 18 62 30 58 9 77 65
HA 11 74 51 38 8 29 14 73 77 35 30 55
HESIPE 4 80 22 34 52
FAPEPUSU 14 48 73 5 46 64 57 25 34 11 55 73 67 32 77
ZANARO 4 32 28 7 37
COVAZUGO 12 12 79 55 65 66 73 64 75 56 77 35 11
QOYI 11 46 71 69 67 47 78 64 55 62 34 36
YA 8 12 14 6 52 74 14 31 47
QASEYI 7 13 28 49 50 3 29 5
TOQASOVU 3 15 1 77
HUZIDU 7 46 47 16 27 50 46 79
NOTI 12 3 19 50 39 28 64 42 29 25 70 63 46
VAYUBI 3 13 10 78
VEWAGIDA 14 20 11 59 3 41 45 39 61 66 36 34 34 58 26
PUBAZELI 3 72 77 8
XAQA 5 70 43 44 34 51
GIJOWURE 3 2 4 77
GANIKANI 2 73 19
JOYUGUHE 12 36 20 45 39 31 27 47 50 27 46 40 63
YUHO 12 10 63 31 62 1 45 33 41 80 7 72 71
YE 4 46 9 21 24
JUPOTEFO 10 66 5 21 67 64 15 30 42 52 60
ZIZIFASA 3 55 74 39
QENUXOMA 10 32 1 42 7 34 2 80 58 73 3
CUKIWU 2 51 19
BOVO 11 52 20 49 58 28 14 22 62 73 68 57
REKI 4 7 54 36 12
PUMIRUQE 11 51 20 65 27 3 59 69 28 33 10 73
JA 9 50 61 23 75 3 5 17 21 56
SUBIXE 10 34 76 67 17 72 8 50 22 10 37
ZESISIZE 9 24 36 5 15 71 45 38 40 37
KUKO 3 79 68 72
FO 2 6 54
MA 3 37 41 41
QA 8 21 44 24 6 61 72 47 8
ZAREXU 10 26 42 78 9 65 72 24 31 60 3
PEQEHASE 12 30 78 14 32 53 68 44 50 14 63 28 69
HELEGITA 6 16 62 31 63 37 54
HAVEFE 11 23 51 48 10 41 9 64 54 52 15 34
LONIXOSU 1 8
ZUSIFODU 11 14 8 66 68 73 32 32 8 24 40 4
NIREFU 8 78 17 36 23 61 16 79 31
RA 15 38 74 48 30 76 40 78 26 58 14 39 61 34 58 33
TUPEBO 9
30
TEBAS KANAN 2
STABILIZE
SWEEPING GIGOBAJE 7
STABILIZE
CRUMBLE
CRUMBLE
GERAK KANAN 10
CRUMBLE
RISE GIGOBAJE 26 2
GERAK KIRI 7
RISE ZESISIZE 13 3
QUAKE QA 82 3
CRUMBLE
SWEEPING MA 10
STABILIZE
RISE ZUSIFODU 28 2
GERAK KIRI 9
RISE HA 73 3
GERAK KANAN 3
TEBAS KIRI 9
GERAK KANAN 10
QUAKE KORINATO 44 1
CRUMBLE
TEBAS KIRI 4
CRUMBLE
SWEEPING BOVO 2
STABILIZE
TEBAS KANAN 2
SWEEPING YE 3
GERAK KANAN 8
