31
MA 12 15 76 41 75 16 25 61 26 59 71 35 18
RISO 2 61 45
ZISIPEXO 13 36 76 28 10 35 3 37 77 26 53 59 57 22
PUVO 14 36 60 53 8 7 38 74 66 40 2 75 19 47 35
KECOXIRO 15 44 31 75 71 30 66 21 17 34 64 29 36 55 20 74
KADIZE 6 6 69 64 51 49 25
BUMAQI 1 65
GUGUWUME 4 40 79 10 51
XUSU 6 77 9 64 36 75 75
QOLIZA 9 62 34 70 12 69 15 19 55 68
LAREVO 8 49 16 38 75 35 29 53 68
ZEGU 6 47 8 40 1 39 69
YUVOMOFA 4 20 76 10 70
XOLODU 8 10 46 74 32 60 12 40 11
QILU 8 45 24 4 75 42 24 53 46
ZUZODA 12 40 53 62 22 5 22 21 6 13 18 59 38
NEXIMU 10 12 20 15 24 76 19 65 75 78 29
BESIMU 15 16 77 40 14 55 55 49 2 54 7 31 6 36 78 55
QI 5 12 9 49 72 27
DISU 9 19 79 23 38 1 18 58 13 74
GAQOJE 14 22 58 62 68 78 13 67 71 70 10 25 34 35 10
PANO 15 18 65 48 67 56 49 38 65 30 70 41 26 63 12 54
QAQIMIJO 12 6 80 78 26 70 75 1 9 65 66 3 27
ME 5 66 77 31 12 25
HA 15 57 14 61 45 10 60 52 73 3 44 69 21 5 38 49
TARODI 13 40 54 18 52 53 58 21 68 40 71 80 37 74
BAGAQI 13 40 54 22 7 26 45 79 54 13 2 39 59 16
CASU 13 29 20 46 74 40 25 38 26 53 17 53 17 12
HUQUWE 15 47 44 28 22 64 47 60 36 14 8 56 72 33 71 39
LOPIMOFA 13 50 42 75 28 23 15 52 1 52 11 66 20 41
YEDIHOBI 5 25 15 11 30 79
ME 2
5
TELEPORTASI LOPIMOFA
CRUMBLE
RISE ZEGU 3 3
UNIFIKASI GUGUWUME YEDIHOBI
GERAK KIRI 6
