71
SEMIQA 2 55 48
TIHAGU 1 7
VIVU 4 9 60 17 33
MUVIFOSE 2 11 65
YI 1 71
YO 2 22 46
WARAJECA 12 27 55 63 1 66 14 49 54 56 64 61 61
PUYO 9 25 55 48 66 61 68 8 64 59
SA 5 64 41 76 71 74
VI 5 20 75 40 33 40
KECE 14 79 60 39 68 3 13 78 63 45 68 59 49 15 12
HUHU 14 66 45 43 50 71 6 32 13 63 17 54 78 41 22
DABANE 15 14 41 23 40 7 67 64 61 56 6 16 11 38 46 22
QEWUZU 11 56 21 74 60 13 5 73 74 27 27 7
GEBULIZO 7 43 49 77 13 4 40 9
LEFO 6 15 49 2 9 70 25
LAWOBEQU 5 63 39 74 3 18
VISE 13 61 18 1 15 49 66 26 80 68 57 7 61 61
KAYOLEXA 6 56 15 23 2 61 24
QO 2 40 24
XE 9 41 31 53 57 28 60 77 64 24
KEVAYISA 6 39 11 46 15 14 23
QOBOXE 4 35 57 10 20
BIVIDOBE 1 18
YAVINU 8 45 62 19 50 5 17 46 46
NOWIXIDE 9 23 44 62 56 52 57 52 19 56
FE 8 9 74 24 36 33 43 51 57
CANAYE 8 67 46 70 19 64 77 79 69
PUDENI 15 30 69 7 44 40 73 17 39 67 62 44 77 44 17 57
JIPI 2 19 5
SISEYO 3 23 8 56
BIKINIZE 8 47 12 62 66 4 26 9 7
DI 3 48 78 76
ROCIFIVO 12 3 7 9 32 16 36 33 61 2 8 65 65
NOKEWECO 15 19 63 74 16 39 75 65 34 67 77 26 21 76 25 16
DU 7 25 16 53 55 46 6 59
RAFUKE 13 64 42 53 29 17 32 55 34 46 68 41 8 43
ZOZOJOBU 9 52 40 73 43 52 21 68 64 11
KASUFA 11 37 65 17 26 52 1 53 78 53 12 9
HEXE 7 64 60 54 26 53 50 57
JU 7 10 77 70 58 11 65 18
XOCA 12 73 26 71 55 45 20 62 28 2 22 55 1
SESI 11 27 64 10 19 14 65 2 77 35 70 6
HO 1 36
NEQAHIGO 5 19 19 39 7 33
BORIFA 5 49 30 7 70 17
PITUKOFO 13 28 48 3 38 64 57 8 40 4 47 43 58 11
BILELI 14 73 6 75 5 49 45 12 18 53 20 35 50 14 17
TE 9 14 65 15 45 75 28 64 24 80
DE 1 6
CUNAPE 14 77 7 37 48 16 61 63 9 67 46 77 78 59 32
CONI 10 44 54 15 73 53 6 22 28 1 7
LIXI 12 3 42 56 32 69 31 69 29 46 4 42 67
TAQAFUVE 13 28 2 36 19 72 2 41 31 78 3 26 80 17
ZUDOROWA 10 78 56 48 45 57 61 47 55 48 40
BACOJOBU 8 33 37 42 3 64 44 60 40
ZEXOJEXO 9 67 2 49 5 79 10 27 3 59
DUNE 6 26 59 34 46 61 56
XIQA 11 66 2 17 47 22 11 37 8 23 23 65
WIRE 4 26 61 57 80
NE 11 46 71 54 36 9 21 23 32 18 64 11
SEKU 1 70
YONOSUSO 15 19 33 55 11 38 52 80 37 39 48 7 72 65 77 22
WA 5 56 18 22 40 42
WOBAYI 5 17 69 1 11 47
HANE 10 36 53 52 21 21 69 50 47 16 21
XEXE 3 56 19 79
LOTE 5 67 28 39 80 29
FUMO 8 62 47 43 76 61 25 76 56
VAJAQO 5 7 16 40 59 43
QEHOKE 5 50 17 44 18 56
BIVIDOBE 1
2
SWEEPING MUVIFOSE 7
CRUMBLE
