97
FOHIFU 7 58 14 48 28 18 70 69
SONO 11 78 80 16 75 55 79 57 33 78 71 9
MANUVUSE 13 55 77 4 76 72 27 70 80 26 39 54 70 74
ZUWULA 6 1 11 44 27 17 79
XEZO 13 18 32 21 30 68 61 66 30 68 80 43 67 31
PIJATOHA 1 61
JUWO 6 20 33 34 39 44 4
YECAME 13 79 37 30 77 51 29 27 25 38 47 49 7 7
MAMANI 14 65 79 12 16 60 35 61 14 54 41 75 70 10 7
VI 6 47 80 53 17 55 56
QAGONI 9 47 31 22 65 38 24 56 51 13
TUZA 15 6 71 27 72 47 45 57 31 31 29 49 3 31 25 3
GA 10 62 66 65 44 31 44 60 10 12 31
HI 13 14 3 79 19 12 76 49 25 4 32 58 29 56
WOQUVA 11 73 15 13 59 63 27 67 14 27 32 44
NU 6 79 27 39 67 79 56
RONA 3 4 33 34
CEVUDA 12 64 38 12 1 77 8 31 4 42 31 51 46
YEVOKA 11 74 13 70 30 37 79 4 64 32 44 53
WUVOQUSI 15 73 16 60 74 13 80 79 71 48 68 3 59 5 62 17
GABOJO 10 36 70 48 28 68 79 69 48 74 69
VACURUDU 14 24 24 18 70 32 24 14 8 23 18 52 60 77 74
POVIZE 6 30 71 79 61 80 59
KAQAYIKI 6 22 28 48 16 48 73
GUSUJO 1 62
HOMECE 1 39
XIVI 13 65 57 28 26 66 77 72 2 56 42 3 60 31
CUDO 6 37 65 35 9 64 6
KA 13 50 77 5 42 78 65 74 9 33 6 51 44 21
SE 6 65 66 67 26 70 1
KALAZIRA 11 43 36 14 72 29 35 53 74 55 70 2
GIVO 15 40 20 25 15 13 41 33 2 37 67 22 5 6 65 51
PU 11 62 3 62 17 9 68 1 25 71 23 51
LOROGE 14 45 37 20 20 50 14 47 39 72 20 33 24 75 2
XONEME 14 56 8 47 31 41 17 28 12 52 55 16 55 6 14
VUHIRIFU 15 54 61 80 53 65 7 62 8 29 35 27 12 48 38 65
GE 1 75
YIDO 5 66 14 53 27 19
RIBU 4 44 75 17 5
BU 14 69 78 66 25 58 49 38 52 2 45 39 24 74 27
ZACALORO 12 41 46 25 55 38 25 23 78 58 40 55 4
HASOKE 5 5 36 73 60 20
CE 1 2
JU 7 36 28 20 24 29 21 45
BO 2 66 56
SUNAZI 12 15 45 69 64 44 13 32 19 22 75 51 54
FUWE 14 79 42 70 57 43 58 2 65 68 79 40 71 21 46
SO 1 36
JOXIXO 13 10 28 56 6 48 44 73 54 76 62 6 6 41
GUGATO 2 38 14
LU 6 50 43 39 10 79 14
PILI 5 43 47 76 68 30
PATA 10 11 56 51 5 41 50 77 27 3 80
GIDA 11 6 47 18 59 34 47 12 12 18 58 9
FOHA 4 10 4 57 68
RUVUZI 15 51 55 30 14 57 5 27 9 29 63 26 67 71 40 2
RICIVA 12 22 6 16 76 44 19 45 33 5 73 13 80
ZUWOZAPI 2 47 48
TILUJEXO 15 14 22 38 29 8 53 65 72 35 71 80 1 2 27 33
NACE 1 44
GEZAVUDU 3 47 74 68
QE 10 59 37 12 45 46 52 61 73 28 63
LIJAZEJO 3 41 72 16
DIZIGO 9 53 38 41 35 62 59 46 27 66
YA 11 33 69 57 55 45 53 11 11 59 35 34
LAJIDEKA 2 78 63
LILOWU 14 5 2 35 77 67 35 11 1 54 68 61 65 50 54
SUPALI 14 61 57 63 52 65 66 14 53 65 28 23 69 34 51
FEXUTASU 5 31 18 12 61 21
XOBIPA 10 79 58 1 64 75 4 54 7 25 40
MASU 2 6 56
ZOTUXITO 4 74 58 75 50
VAJUXOLI 9 48 21 35 79 4 50 49 52 45
MOGU 4 21 34 9 60
MO 6 15 48 41 10 50 62
MU 7 63 80 76 21 72 10 56
XENULI 10 42 18 38 4 53 27 16 73 5 12
VODUQO 2 70 32
QURUGECI 4 64 15 34 59
SA 12 61 46 58 77 52 60 20 11 38 9 15 28
VEBAHACO 12 56 9 55 15 22 17 2 70 49 55 21 36
JEPAQEWI 4 54 73 48 58
ZE 5 33 69 70 73 77
PUGAREZO 8 73 6 20 27 30 60 24 32
DIKELA 2 24 74
WU 14 40 74 73 61 74 74 1 42 25 63 51 73 22 52
ROZOWO 15 11 17 36 65 67 38 51 52 4 38 10 58 54 72 38
SULOWA 2 42 7
ZEGAYOHO 4 66 54 2 79
GIMU 15 67 9 55 7 29 77 11 73 65 4 18 30 61 32 34
MOMA 5 24 53 11 62 77
NUPIHO 4 72 11 80 51
RE 3 55 3 68
DILEHO 13 4 78 60 59 80 80 48 70 57 41 3 24 67
TIYO 6 37 67 22 33 53 45
TOJEFUBA 4 17 28 61 9
ZUCUDO 10 20 18 66 76 61 2 32 52 38 37
LIJAZEJO 1
10
RISE LOROGE 43 3
CRUMBLE
RISE TIYO 68 3
TELEPORTASI RONA
SWEEPING YIDO 7
STABILIZE
CRUMBLE
RISE MASU 38 3
QUAKE JEPAQEWI 11 2
SWEEPING GABOJO 5
