86
TI 4 72 60 33 4
NIHOXOPI 5 21 36 51 15 70
SUVAPO 12 74 46 58 46 69 62 69 30 65 24 46 16
ME 7 46 3 4 23 60 10 44
SUDUFUDI 2 17 30
MUVELI 10 51 15 2 60 44 33 10 41 29 67
KI 4 26 70 51 24
BE 9 12 32 44 62 24 71 56 4 17
KACA 5 63 47 45 73 76
LESI 15 66 60 36 37 18 77 21 48 51 24 1 14 14 18 37
LOXE 11 41 41 51 20 80 76 28 49 20 47 57
HUMO 10 69 13 17 18 70 2 3 33 78 70
FUBAHI 11 1 67 48 5 10 33 3 15 22 80 7
WE 15 69 11 47 30 23 61 71 70 75 74 49 52 36 8 27
VIGU 6 1 5 65 80 2 42
NAGETOBI 11 70 37 36 25 23 74 9 26 50 31 57
WIROPODI 14 10 60 64 62 53 2 16 70 22 70 47 42 14 31
HACEJEMO 1 3
GI 15 14 44 56 74 15 29 12 64 18 60 36 46 35 77 16
NOJEHOTU 15 68 18 70 19 22 59 64 26 65 11 16 68 47 37 30
VODE 7 53 14 7 77 1 7 56
WA 12 32 20 28 13 68 65 62 48 19 22 78 45
NOYESA 5 78 15 41 10 7
PO 4 60 8 69 37
ZA 3 51 60 18
WI 11 56 71 39 57 32 67 23 78 51 37 9
BIXOZOYE 2 53 75
FORI 7 55 20 40 74 63 78 75
NAWIKE 2 2 34
ZIXE 9 62 70 57 57 61 61 73 13 47
VARU 5 71 38 80 28 42
KEPOZUBU 2 67 29
XOHILUBA 7 70 68 65 12 8 67 48
LAFU 5 47 61 6 73 17
XADAYEPA 8 57 4 35 74 59 70 47 22
DETU 12 49 80 37 21 16 42 61 62 23 78 63 71
GOXESATI 9 29 45 46 72 47 19 20 2 71
KAFI 6 74 71 43 9 64 37
XOYUYE 5 75 53 8 1 79
GINOMA 15 5 52 16 48 57 67 35 17 61 64 67 76 60 56 26
TIFI 13 1 67 35 59 16 36 51 18 42 77 77 27 54
XURARE 1 63
VU 2 12 51
HU 2 29 10
HIDUHO 13 36 12 22 77 40 37 14 35 61 48 37 73 58
JIJEBOVE 15 60 34 1 15 60 52 21 68 36 69 76 68 65 13 29
KACEXOHI 7 2 53 39 5 51 28 64
CASOLU 5 22 5 73 35 2
NAKONATO 8 49 35 71 58 17 1 46 9
GOYEQO 7 46 62 28 73 46 66 65
VEYETATO 11 31 4 14 70 25 56 68 58 21 66 35
BOWAROTA 6 80 80 37 63 71 53
RUYINI 8 13 16 17 59 35 57 16 19
NEPICUCE 12 26 35 36 70 15 40 24 28 37 58 29 72
XEGIGEPU 14 6 18 1 51 55 10 39 21 18 75 51 9 9 17
DA 12 15 4 41 4 52 50 26 35 9 3 57 1
NIBE 5 3 40 71 32 50
SUJAKE 10 9 15 47 46 49 51 10 19 66 16
LUYU 7 70 17 76 51 78 39 28
QEYIRIME 10 12 37 63 19 27 22 17 53 5 63
YEHOWU 13 78 13 73 37 14 26 5 80 29 75 37 73 72
FIKU 13 9 66 50 78 51 30 21 64 28 38 60 70 1
WARU 11 37 10 50 12 80 79 67 64 63 43 33
VUNA 6 50 45 51 42 39 28
GIHA 15 14 56 76 45 50 30 48 35 12 33 51 22 80 38 43
SODI 3 76 22 1
QU 10 25 11 65 10 80 62 36 37 44 76
LIMA 15 77 56 79 62 43 79 70 68 56 45 42 80 80 38 50
DIHE 8 45 37 1 5 79 73 20 20
HO 11 75 1 37 80 14 16 23 65 22 79 45
XAFIKE 12 5 52 4 67 1 42 24 5 68 71 34 63
WAYA 14 46 22 3 5 69 9 38 80 78 20 45 45 20 39
CI 8 71 46 50 72 75 49 48 59
PA 7 79 27 73 13 69 55 78
CUVOMUMO 3 5 6 3
CUFETATU 5 68 5 40 63 38
MOKERA 2 31 8
LEHILO 1 38
TAMELE 2 45 80
QA 9 19 44 31 12 61 57 25 7 40
NEWEFA 12 78 53 57 71 13 73 13 59 52 50 76 77
FESE 5 31 76 37 33 67
TATUMU 14 23 78 46 14 57 70 21 14 7 18 22 41 10 35
CA 13 9 37 43 55 36 75 27 31 33 39 32 19 11
JEXU 6 16 57 44 1 25 38
MEGEGI 8 66 3 64 11 11 78 59 30
GI 3
12
CRUMBLE
TEBAS KIRI 3
QUAKE QEYIRIME 11 2
STABILIZE
TELEPORTASI XEGIGEPU
TELEPORTASI ZA
TEBAS KIRI 4
GERAK KANAN 5
QUAKE BE 14 2
QUAKE LIMA 86 1
STABILIZE
GERAK KANAN 5
