31
YUYE 5 35 60 21 6 69
LU 5 77 35 1 59 56
LIWIBEHA 1 5
QI 9 3 64 35 46 1 29 35 48 78
BASA 5 35 12 59 11 18
SOLEYIBO 5 69 67 41 9 32
REGITONO 15 70 22 15 35 64 75 7 13 36 56 7 33 46 10 18
BUNE 2 54 77
LOQAHALO 7 14 77 57 60 27 6 78
KOTOTOMO 6 62 31 31 55 19 58
SO 6 12 9 52 44 65 25
QAYUHOTU 6 17 48 55 40 59 63
NURE 9 26 31 66 17 74 21 80 13 28
TOQASE 8 49 76 13 51 56 25 41 13
SOQUGUJI 1 23
NO 8 66 77 21 1 38 38 34 51
ROWIPOPO 11 70 45 9 76 61 25 43 50 6 75 50
HADONOGO 15 26 33 15 4 55 10 22 73 26 72 75 22 76 4 24
NA 6 4 16 29 39 79 61
CO 13 7 61 33 29 16 78 13 49 78 35 78 41 14
VABOZE 8 41 79 42 59 22 80 61 33
NIPILOMI 14 59 29 28 73 19 74 22 49 45 27 37 55 68 58
JOJIJADA 7 59 6 61 32 4 50 22
PE 5 60 29 26 57 67
REJAWECE 1 65
GE 10 42 65 22 34 67 1 24 17 3 74
MUDUHUZI 12 25 24 58 20 33 20 33 80 1 25 10 32
FOKUFEWU 5 60 25 2 44 2
JOJEHI 6 60 26 22 79 9 55
DIMA 4 26 66 55 69
TAGUMU 2 6 79
MUDUHUZI 12
4
GERAK KANAN 4
RISE NIPILOMI 82 1
STABILIZE
GERAK KIRI 3
