92
TOLIXIVA 8 48 15 39 36 20 60 56 2
YEXA 13 9 35 69 19 48 74 9 18 12 19 8 26 72
XEZA 11 7 66 79 39 15 1 69 79 26 38 26
CUNU 8 24 64 39 10 37 64 53 49
HA 14 44 8 69 15 42 80 12 53 55 74 4 35 1 34
FO 15 8 47 39 69 7 23 17 78 39 41 22 2 75 23 1
ROGUPUNO 13 30 66 48 53 37 19 16 78 76 20 18 71 62
FOKIPOLA 8 50 3 67 38 8 15 22 43
HENAQELO 8 37 20 39 4 38 70 7 78
MO 2 55 60
LEYIKIMI 14 49 16 22 25 7 23 20 56 1 36 38 11 69 21
KELODIPI 13 78 70 65 21 68 62 13 1 20 54 78 14 54
FITONERO 7 46 8 75 68 34 66 71
RE 7 58 56 17 14 40 78 55
DUDOWO 7 4 59 35 25 69 14 27
QEDU 7 31 59 20 30 49 64 28
VAKE 15 56 36 35 39 1 43 74 49 34 34 62 56 6 59 3
SEFAQIHA 4 65 33 20 67
KUQI 8 57 71 31 40 69 71 61 37
ZAWE 5 35 37 39 31 69
NACESU 12 17 1 47 77 11 31 76 39 1 4 7 32
CU 15 77 79 74 40 33 6 72 7 16 22 51 42 5 41 7
YUDEHETI 9 53 53 70 33 47 26 29 49 49
VOJE 8 69 72 34 30 12 75 18 46
YIMAFO 7 33 80 76 35 40 26 49
LOYUDANA 5 46 11 44 25 69
KIKUTA 15 13 1 1 15 67 50 27 80 3 46 22 27 40 63 69
PUYAHIFE 8 73 52 65 35 54 1 72 54
QA 9 4 6 62 58 59 73 52 47 72
GOYUNULE 4 80 34 22 3
JUKUFUQA 11 44 18 79 51 38 52 72 16 20 42 54
BOSIFI 2 54 29
GOTAWO 8 75 71 69 8 25 8 40 19
QIDOVO 11 53 51 25 60 5 13 64 37 78 56 79
KECULIMO 12 31 9 46 2 69 34 80 16 30 50 68 4
KUWU 6 17 32 6 48 10 64
VUNAHUNI 8 74 30 17 10 80 48 49 56
RABURULI 10 32 49 16 71 58 72 72 24 73 27
QASO 11 13 55 10 56 41 20 9 9 44 67 34
MEZOVE 4 2 24 8 41
BUGI 9 55 19 35 8 54 10 29 79 8
LELUQOQU 5 55 19 62 33 58
BIVOMI 11 31 5 58 28 40 76 11 72 36 55 1
DAWE 2 62 7
GICE 6 23 23 4 50 46 20
VA 1 31
WUVICU 12 56 60 47 80 78 14 45 79 60 23 10 53
CIWAHIDO 15 4 27 67 49 28 21 11 59 27 7 57 60 36 25 72
BU 4 61 1 64 44
XUTE 2 74 34
BEZIFAQO 15 73 75 33 54 3 41 1 80 19 66 17 15 63 20 39
MAGOTA 2 30 64
YOVOYE 15 26 10 4 79 72 64 31 63 72 77 75 59 49 53 60
SOZIXIYA 7 28 54 51 19 19 41 43
TEHA 3 21 40 50
HO 14 64 24 67 40 14 23 39 15 79 11 15 14 64 40
BETAKU 13 3 17 64 51 49 52 71 70 72 58 56 53 40
ZEGE 3 70 15 29
GIHI 10 25 40 19 63 49 41 34 18 17 71
TIHEXIBE 4 62 1 30 62
DEWA 9 58 67 2 1 27 66 22 49 13
QUKUZE 8 38 69 29 60 73 12 47 63
XIYEPABA 7 10 25 8 33 22 40 66
NATU 13 74 8 71 63 62 54 41 30 1 9 38 32 11
MANEMEJU 3 11 12 54
JOXAJU 1 12
YU 9 37 1 48 70 60 57 62 47 3
YAYEQUWO 2 7 16
XUDAZELO 15 65 41 3 43 38 63 56 2 46 20 37 71 26 34 6
RUXAJIHI 15 45 10 54 51 72 59 77 18 16 30 40 53 78 2 54
BAFE 15 9 49 2 74 32 34 9 26 9 41 40 68 14 50 62
ZU 3 60 42 55
DUSUFO 11 33 78 63 46 17 70 9 73 18 45 25
LUVOSU 11 33 26 74 50 68 39 4 35 79 60 3
TANEGOHA 14 38 67 32 4 47 76 19 8 32 36 31 25 73 50
HE 6 79 76 61 49 57 51
GIMINOSA 2 54 13
KU 3 38 9 51
HIROJA 2 73 27
XONEWA 15 17 1 56 45 21 2 17 54 44 58 68 39 57 1 29
KOFELOHI 2 35 33
VIJI 6 62 34 21 67 9 13
LIDUDI 13 79 64 20 77 2 50 46 24 57 76 34 46 5
XUNETO 12 71 32 75 34 26 77 21 70 10 25 24 73
XIROLEQA 10 1 2 77 38 45 58 39 25 12 9
LAKAGISO 6 31 33 69 28 34 30
PUFOXO 15 55 78 64 16 67 3 72 13 69 38 11 42 30 3 57
ZO 8 72 21 15 53 63 80 17 64
MOTU 13 69 3 57 47 3 18 40 34 24 15 19 3 44
NOQODULA 1 7
WOJU 13 72 64 15 27 33 29 68 1 60 9 42 20 32
VOTU 8 12 76 38 34 15 74 28 23
TANEGOHA 11
14
RISE VAKE 4 1
GERAK KANAN 1
UNIFIKASI FO XUDAZELO
QUAKE LELUQOQU 65 1
STABILIZE
TEBAS KANAN 9
STABILIZE
STABILIZE
CRUMBLE
UNIFIKASI MANEMEJU TIHEXIBE
CRUMBLE
UNIFIKASI VA QEDU
QUAKE DUSUFO 29 1
GERAK KIRI 2
