41
GU 13 10 68 43 74 61 30 8 42 69 1 73 76 22
FO 15 67 54 24 66 20 27 69 62 46 42 57 42 7 34 43
QIDI 11 58 60 65 6 78 11 74 68 15 59 70
FIXOBO 5 2 70 11 12 78
QI 6 80 60 53 57 5 9
HARUGEMO 10 39 77 57 26 62 40 10 61 69 27
WUQEFI 10 6 64 8 38 31 65 7 58 74 48
LOGUZOZE 5 37 48 15 16 17
RONA 6 76 72 10 29 44 15
XI 7 40 15 46 49 23 12 11
SI 3 75 49 10
YATUTU 11 62 56 17 31 50 47 76 34 10 30 73
ZARAZE 11 36 10 52 74 45 79 63 51 78 53 50
JAPUQA 12 80 38 64 63 21 7 35 55 34 13 78 23
HE 10 19 20 44 56 47 58 62 57 67 20
ROQERE 3 27 13 42
TUQA 2 3 28
JE 10 27 68 55 48 8 72 9 41 1 12
QUVALIFE 14 35 30 27 31 7 26 32 46 58 47 67 36 76 22
VOBI 14 38 10 37 2 52 45 43 2 77 15 40 3 3 40
FICI 9 79 57 68 2 33 57 9 1 24
CODUJAYI 14 56 27 27 75 27 40 10 70 68 58 63 66 62 27
ZEBU 12 14 40 62 52 70 54 2 13 1 30 46 48
LO 4 62 13 39 46
YUFOZAYE 10 80 51 7 29 45 15 46 43 5 42
DOCO 9 47 55 47 28 48 63 7 58 37
CIPOCIHE 3 53 60 30
SISA 4 74 51 16 43
TU 6 33 39 53 11 51 41
POXE 13 42 7 78 76 32 40 50 19 62 40 32 58 35
POHE 12 64 40 12 2 51 5 16 18 6 7 52 59
GINI 7 23 60 4 34 25 60 44
HEBEGAKA 7 77 12 2 47 27 49 23
PUKOZO 8 78 67 11 64 9 24 61 57
LUYACI 10 2 77 5 42 19 56 32 21 24 7
CI 9 35 17 4 61 20 18 40 17 38
TEVIVELI 3 47 47 30
WA 8 68 34 30 21 55 50 56 20
QAPOCO 6 3 31 43 58 9 53
QIXOWIHA 15 36 32 48 63 78 75 28 50 12 20 19 52 14 74 58
GO 12 4 54 75 44 72 30 36 43 59 37 72 11
WA 8
15
SWEEPING ROQERE 9
TEBAS KIRI 3
CRUMBLE
TELEPORTASI WUQEFI
TEBAS KANAN 7
SWEEPING HARUGEMO 1
RISE WUQEFI 14 3
STABILIZE
UNIFIKASI QIDI YATUTU
QUAKE HE 67 1
TELEPORTASI POXE
STABILIZE
STABILIZE
CRUMBLE
TEBAS KANAN 5
