91
MEKULEFO 4 41 1 57 51
HARA 15 56 60 49 52 80 30 77 33 47 36 43 47 33 78 57
ZO 4 70 45 41 18
FIKAJODO 6 69 50 42 20 16 29
PU 15 77 44 17 4 57 55 31 51 39 26 15 4 68 35 22
QAYI 9 18 31 32 2 59 39 75 44 61
CIDIXUBU 1 75
DA 8 72 12 51 75 16 17 51 66
RARAZO 12 23 60 68 65 28 10 17 25 71 32 25 57
FEFUDEDO 6 38 74 9 76 60 37
BU 2 49 29
MUHUKU 1 60
YACE 8 35 6 12 33 47 48 78 28
TA 13 77 17 10 17 8 41 12 39 13 2 31 67 77
QOGEYOFE 14 66 18 7 39 64 74 36 36 19 8 11 72 59 74
RI 12 48 40 77 66 71 62 1 71 42 80 6 38
SIZAWINU 8 38 63 63 67 5 10 51 36
VUKU 7 57 19 40 47 57 52 35
DUCA 11 67 2 41 80 64 63 14 14 10 27 54
CU 11 76 7 44 32 25 14 44 73 61 49 35
JIWIXO 5 39 51 13 74 27
JAHAROPI 13 2 69 27 70 25 24 63 62 9 72 73 69 48
HEBO 10 50 21 42 25 62 44 49 22 16 10
GOWESAJA 15 77 23 62 33 63 52 9 41 26 18 20 7 62 44 25
FEBIPO 15 79 27 34 80 43 30 5 38 71 54 32 23 12 47 68
NEBOCERU 8 18 47 42 78 72 21 8 68
KACEDAXO 4 51 63 21 49
JIPAYE 6 73 31 10 50 15 5
LOBU 8 2 58 31 9 18 39 8 67
POGEXOMO 8 10 14 22 2 59 68 34 57
DEPEBUVO 5 56 78 28 54 38
FIKIFU 2 80 1
QEKUBE 13 55 49 18 42 66 38 6 65 29 24 7 8 73
KA 11 38 1 79 65 73 42 71 58 3 34 48
TUHABO 10 59 17 46 61 12 79 39 2 5 25
XO 4 44 80 54 80
SUYEXOQO 12 34 4 3 11 36 36 78 45 72 69 38 65
NUWI 6 33 33 57 30 31 30
VETARU 10 71 75 54 56 50 31 41 24 9 7
KUZAPEKA 4 21 79 42 31
WAFE 5 15 21 33 11 56
TUJIDIGE 11 56 33 28 15 70 30 70 52 24 17 12
FOHO 2 25 16
YIDELALA 11 25 46 54 16 78 55 76 31 64 14 17
RO 3 24 41 62
CI 8 43 45 37 77 44 29 72 66
MI 8 65 45 74 6 51 80 63 54
HOBI 12 77 9 60 44 6 25 12 17 36 80 38 71
ZAWE 3 32 44 36
ZI 5 59 71 67 36 70
FEFUFERO 14 57 59 7 49 19 79 43 34 72 61 9 44 36 40
ZEPIRAJI 9 50 54 37 19 28 76 42 48 31
BUBIRE 8 66 59 9 21 45 7 15 20
KICI 12 53 25 49 13 52 69 16 46 42 11 12 63
QI 10 22 75 54 20 76 63 80 44 23 26
BOYITARU 5 44 44 21 49 2
REHILETA 5 32 5 33 73 42
VE 15 3 45 53 67 44 4 17 74 22 78 9 14 5 64 48
NEZOYA 14 11 42 52 25 56 59 54 37 71 17 75 52 47 57
YOTOTORU 9 79 54 5 4 73 48 23 46 29
FOQI 10 75 36 15 42 20 74 57 25 71 69
MUMA 4 44 53 16 65
GICUVASU 15 62 2 56 6 55 54 26 10 41 23 61 49 15 14 59
JIGIQUGA 15 10 16 47 42 33 7 45 22 26 13 13 24 15 67 30
VUSAMUQO 7 67 74 36 16 10 51 7
FISEZEVE 7 54 60 42 72 41 28 42
BUFEYALU 7 50 46 39 52 59 27 17
PA 11 43 47 79 18 7 33 57 64 50 37 35
SEHEZI 15 61 3 65 80 44 9 67 16 54 32 2 17 40 73 65
QUNE 6 72 33 73 40 55 15
TEPIQI 15 27 48 26 78 63 27 72 33 34 65 62 62 35 76 6
ZIVAHANO 11 44 65 6 18 40 65 55 2 30 35 21
WUQEKA 12 3 11 52 21 77 11 35 71 63 21 24 41
XOHU 4 60 70 54 59
KIWESEHI 14 60 41 80 23 52 12 32 62 78 67 15 4 73 29
TUMIVOYA 7 12 80 2 60 21 57 59
ZEQE 12 6 38 72 44 25 46 19 68 42 54 23 79
GA 7 46 63 9 64 11 69 49
NIZA 10 5 65 80 44 21 20 67 76 17 44
LEBI 5 64 6 1 4 32
LI 15 75 8 5 47 35 31 50 10 79 54 27 60 12 68 51
LAXAPE 4 16 19 78 14
VAJALAGE 11 48 20 39 1 72 48 27 21 40 11 27
WIVATUJO 9 63 76 24 26 44 9 35 71 8
NAJAPEKU 12 65 6 12 38 51 65 36 62 18 6 7 67
PEWU 15 36 76 27 69 15 70 28 15 24 69 40 35 28 66 16
DUCI 3 34 68 61
SA 3 33 22 7
BATUSITI 12 78 23 73 4 76 67 56 58 22 39 62 70
BEVINO 15 7 37 15 36 52 29 57 54 27 30 78 20 55 41 59
JAXATE 2 46 63
PU 12
32
CRUMBLE
UNIFIKASI CU HEBO
RISE MEKULEFO 1 2
QUAKE DUCI 24 2
STABILIZE
QUAKE CU 29 2
GERAK KIRI 3
GERAK KANAN 8
CRUMBLE
CRUMBLE
STABILIZE
QUAKE VUKU 21 3
UNIFIKASI RARAZO ZEPIRAJI
RISE BUFEYALU 10 1
RISE DA 28 3
CRUMBLE
STABILIZE
STABILIZE
SWEEPING LEBI 8
UNIFIKASI PEWU DUCI
TELEPORTASI QUNE
STABILIZE
CRUMBLE
GERAK KIRI 7
TEBAS KIRI 9
GERAK KIRI 1
SWEEPING SEHEZI 1
TEBAS KIRI 10
STABILIZE
RISE GICUVASU 36 2
QUAKE YACE 19 1
QUAKE XOHU 78 2
