99
YUXE 12 17 60 78 79 76 64 20 78 38 58 42 60
KA 4 31 10 27 65
VIGUCI 1 53
FUYOWE 14 22 63 75 80 80 75 75 52 21 31 23 35 21 64
VOWEQO 9 32 30 36 37 4 19 15 60 54
TAJEQU 7 33 55 79 22 19 57 26
QANO 14 53 20 46 67 10 19 51 21 78 21 30 63 54 65
NA 8 49 78 43 53 65 40 10 17
TU 12 28 64 78 55 25 64 68 80 67 60 22 48
GUSUTAVI 2 9 40
WAWACU 11 10 14 3 55 19 71 20 15 79 75 48
NELIGAWU 13 13 55 56 1 48 9 30 46 54 61 38 53 78
YO 7 79 43 41 6 42 12 19
ZAKOFIYA 2 44 75
PIKE 4 6 38 39 10
ZAZAJA 9 64 30 57 55 35 3 46 18 47
MUCO 11 7 48 39 16 42 6 71 6 37 5 12
TOLI 11 67 34 80 55 2 61 44 54 13 74 17
HIRUXAKA 14 54 9 78 18 76 78 23 24 69 6 69 49 43 66
DOGAGA 5 4 4 9 4 74
ROMO 3 66 27 32
NUKUBOMU 12 42 73 67 70 19 53 8 53 35 53 42 59
TIQOVUKI 10 72 1 57 34 19 2 48 4 71 17
SEROKISI 6 20 17 47 58 76 49
BU 15 29 41 22 65 73 55 38 41 70 41 45 30 57 28 40
SENE 2 24 77
JOTAGIFU 10 43 19 78 63 56 9 57 50 67 68
WECU 14 24 10 72 53 21 2 65 47 8 49 72 5 22 42
RAJA 13 45 60 73 38 48 55 65 17 62 60 56 61 56
JEXEDU 9 30 37 76 65 54 12 23 64 44
ZIDI 14 26 67 26 74 45 15 36 64 74 47 25 43 58 38
ME 3 48 53 1
NE 6 38 10 42 43 41 16
BUVO 8 22 17 32 69 22 6 52 65
LISE 14 2 51 73 73 61 23 34 62 21 28 80 30 53 28
XUSOMU 3 38 17 58
SEFE 4 13 37 68 51
JUWAZOLA 9 57 5 12 14 16 46 22 18 35
TIMEXEPA 15 28 47 39 23 34 46 75 77 28 39 51 49 55 59 32
FOVU 4 15 69 8 47
RIZUBE 7 69 54 66 54 62 79 64
GIWAQO 10 62 3 1 67 12 59 21 60 76 27
WIZITEWE 2 19 54
PE 14 62 24 80 60 69 71 15 4 43 40 78 71 10 65
CEYESA 12 26 51 19 51 33 23 5 6 32 1 53 61
SELAPA 1 47
KABA 1 17
FODAWO 4 31 14 10 59
SUQE 8 49 13 11 21 18 75 19 19
YORIWI 8 19 36 19 12 69 7 75 11
PUFU 11 39 43 24 32 24 1 26 16 40 43 3
BETOWE 10 56 53 14 19 2 28 53 36 38 54
QO 1 26
MUJU 15 47 21 65 80 4 68 22 24 64 51 17 27 23 44 28
DO 15 36 1 23 15 64 10 11 76 72 78 62 48 45 75 61
GODEHADA 14 36 64 33 4 43 40 63 27 18 25 29 25 79 52
TOBOWI 10 13 6 53 11 75 66 31 72 52 71
XU 4 78 29 13 7
TO 8 35 10 76 13 46 14 59 79
YEWEVU 11 76 5 46 34 2 43 41 18 45 10 23
YE 15 77 69 28 49 1 21 77 26 53 76 74 51 36 23 9
PEMO 7 10 78 9 32 75 63 26
TAWOFONO 10 4 13 59 31 41 55 63 7 17 33
KO 1 53
ZEBELARI 3 70 20 47
VIFAMI 1 13
HIHINE 3 61 55 58
FORO 3 16 25 76
BE 2 65 34
BUYA 12 19 15 77 72 13 25 14 77 15 61 5 4
SI 14 48 47 53 76 41 57 48 35 37 39 6 73 23 26
HOLIYUCO 12 80 63 1 24 1 58 54 27 75 45 78 3
QOLA 6 45 28 46 61 26 23
TOCOHUKI 11 32 79 10 46 37 21 45 13 22 21 73
MIBIZA 11 66 46 58 72 53 46 67 27 75 62 75
KUJILE 7 77 5 13 79 30 21 42
GINO 1 60
YI 2 20 56
GIMIHE 14 15 48 47 35 14 6 7 34 73 58 1 5 59 9
PORU 15 56 66 7 24 75 56 26 31 26 10 33 52 38 53 78
GI 3 70 76 24
DU 3 59 2 41
XAYO 7 22 24 59 68 73 2 63
CE 1 9
FUTULI 12 14 74 21 52 43 49 45 31 1 56 5 12
CUHO 14 25 49 40 64 3 18 52 66 42 18 20 17 45 38
MA 7 36 58 56 24 35 51 30
MOZOFE 7 69 66 66 48 11 35 7
PAYACO 13 63 30 25 60 26 15 79 1 3 44 15 46 46
QOPUMI 13 18 27 79 71 10 44 7 72 28 12 9 19 22
FU 13 41 50 28 25 69 7 3 38 34 12 65 15 40
WOVEMIDE 8 27 9 44 44 68 42 66 58
ZIBOFULI 5 52 2 27 50 20
YAVURU 11 17 53 77 68 27 79 21 59 4 21 4
BA 8 15 54 75 75 61 69 53 12
VANAKO 5 65 74 11 18 79
HI 7 37 60 80 42 28 26 33
SA 13 22 24 34 42 9 43 9 28 16 47 26 37 26
GO 12 60 35 72 39 61 2 62 42 22 28 1 66
TOLI 8
16
QUAKE ZIBOFULI 18 1
RISE JUWAZOLA 50 1
RISE YAVURU 11 3
STABILIZE
RISE PEMO 13 2
TELEPORTASI GIMIHE
GERAK KANAN 4
TEBAS KANAN 9
RISE TIQOVUKI 63 3
UNIFIKASI TU MA
UNIFIKASI JUWAZOLA BUYA
GERAK KANAN 2
RISE NELIGAWU 25 3
CRUMBLE
SWEEPING CUHO 3
RISE XU 9 1
