91
NEVEKUGO 2 77 74
KE 1 25
RIRUFE 4 6 75 19 73
ZUBARUWO 12 69 11 37 67 14 15 55 52 33 68 63 37
SIZUPUJA 1 25
JUPIPU 8 73 16 62 7 44 58 10 40
ZIMOSI 9 69 6 45 16 80 50 38 12 68
YA 1 16
MOGI 9 71 60 44 18 2 56 31 22 75
LASU 15 47 44 48 75 8 8 6 22 16 37 65 17 31 9 60
SUSIXO 5 77 78 13 59 10
BEDEROBI 2 73 36
SODEBI 7 13 4 76 6 22 49 16
VEVAJOFE 7 3 44 74 54 80 7 37
HA 1 66
ZIFI 6 15 45 41 53 49 50
KU 13 4 67 14 30 36 8 75 45 43 2 51 58 33
GILUPI 9 50 49 22 53 18 9 50 21 14
RU 7 24 52 4 75 14 24 28
KOHUQAQE 5 58 23 11 67 13
KISIXE 14 11 2 60 3 78 71 52 10 4 52 15 22 56 73
SUQORO 5 48 12 38 22 25
KIKAMA 10 23 27 37 61 52 35 72 56 2 26
VA 12 69 33 49 79 73 4 66 34 68 55 73 44
KIXEXI 5 15 7 44 16 72
BIKOKU 3 54 25 74
RE 15 6 23 2 24 8 14 38 32 30 79 23 35 59 68 36
ZAPA 12 62 77 76 35 44 30 9 52 34 14 12 43
PIDAGU 9 27 14 36 56 67 43 8 65 33
YO 4 68 65 71 13
WORIXOWO 13 1 75 32 62 80 48 25 30 10 43 68 14 48
BATI 7 74 37 56 79 59 80 67
HE 10 46 64 46 30 12 6 10 68 33 64
MI 12 79 49 75 36 40 77 71 22 27 59 49 78
JIDOWU 5 12 74 27 70 4
COBO 3 75 27 18
FO 6 41 55 37 2 48 24
FEPUDUFO 9 20 72 70 9 20 16 62 1 17
SUKU 15 69 15 69 9 6 44 25 46 18 7 22 27 4 72 51
QOBE 14 58 66 63 47 25 15 70 14 34 40 13 10 19 39
XIJUPURA 6 3 2 2 40 3 40
GEXE 12 4 63 17 4 54 35 16 74 36 79 10 39
BIRAGA 15 48 74 26 41 60 34 57 76 51 13 57 46 56 6 4
PUBA 15 45 73 27 26 42 26 58 50 27 41 23 40 64 57 69
YIGANAXA 12 63 73 20 75 45 68 43 30 28 2 9 78
BU 3 15 64 37
CISENO 12 52 68 7 39 52 9 13 65 4 35 10 53
MOLABOSO 10 48 75 9 12 49 67 70 77 22 6
CORAXAMI 4 63 68 62 41
FUVEPACA 3 64 48 72
NAQIVI 14 23 62 57 49 21 51 41 26 37 57 45 49 40 44
WU 5 78 7 29 14 9
RIMEXIQI 13 46 53 40 66 45 66 27 24 8 6 52 9 33
KEZARULE 7 22 52 32 48 49 6 78
FUVU 11 30 24 28 49 23 44 78 48 67 59 5
DELIMA 14 4 63 54 79 9 18 70 22 19 8 12 7 69 41
BUNOFUJA 3 80 15 34
CATUDE 11 16 65 63 71 69 54 42 46 68 67 32
XEQAKIFI 15 22 20 55 41 26 65 14 55 75 20 4 1 34 77 58
FEVOTUPI 1 2
QESUHI 3 16 26 33
TILAZU 1 62
WE 12 73 34 66 77 14 45 58 75 45 78 27 39
BAJAZI 12 56 5 74 21 2 59 40 34 53 8 73 64
ZOMEME 5 46 66 15 59 54
PIJILU 4 31 12 63 69
CISO 9 16 70 71 47 73 25 19 7 59
TA 10 33 68 74 24 78 32 17 19 9 23
XOGANIMO 13 36 47 77 52 75 31 44 39 31 11 41 48 4
LIROYIFO 5 37 62 13 80 68
YADALO 12 73 5 40 39 31 58 67 80 63 36 11 27
VAXO 4 53 23 68 15
MIXO 6 5 2 21 61 35 57
GOROGE 4 7 58 74 17
GAGA 7 52 61 58 56 51 77 29
DUFAHIMI 15 59 8 27 70 14 21 64 73 38 41 16 2 78 75 49
VAYUCA 1 42
YIPA 9 36 63 65 6 5 11 44 36 67
ZOJE 10 26 29 77 47 24 10 16 54 28 79
DISODI 6 23 62 41 19 57 21
YODIHEFO 4 21 74 73 68
BIHECO 5 58 44 39 33 27
QAKUVU 15 4 73 46 8 65 2 4 49 23 66 60 28 74 72 25
NACODA 7 17 57 80 43 57 39 30
RATIVEWE 9 72 4 63 28 53 71 63 26 65
DULARIVO 10 62 20 17 2 44 47 31 24 35 15
FAXUSOLU 4 26 72 68 74
NOBOLOZI 9 28 14 65 73 40 80 62 73 50
QO 8 42 43 13 6 50 54 68 54
CEZAQA 4 10 37 52 78
PIRISELI 4 26 29 36 31
MIXO 2
5
SWEEPING VEVAJOFE 1
GERAK KIRI 10
RISE BIRAGA 9 3
CRUMBLE
TEBAS KANAN 8
