51
HA 8 57 38 72 6 22 77 24 22
DOPI 2 3 41
PO 13 41 17 53 61 28 26 41 2 74 71 80 32 76
FUFE 13 44 7 24 80 41 8 42 41 54 64 59 49 40
HURE 9 80 21 68 5 16 78 70 5 36
LO 12 6 47 68 24 68 67 77 34 12 19 73 65
JI 6 65 58 3 9 44 22
DUBI 12 36 48 67 72 2 7 73 62 31 1 73 37
CEXU 6 38 66 23 73 11 33
LE 15 76 75 76 14 71 79 3 75 30 17 66 61 33 32 49
ZUKOKI 10 32 74 74 2 27 69 37 34 10 56
QENIWO 3 10 66 39
TOXEMIWU 10 34 56 45 10 33 16 75 19 54 60
NIPESUDO 7 6 7 60 32 50 58 31
FUQACO 8 51 43 28 26 18 36 49 64
QOKASA 9 62 79 7 41 66 49 74 31 1
JEMIQORE 10 33 18 52 49 1 32 68 54 3 12
QEHUBENI 11 72 50 42 2 52 77 41 4 32 28 13
BASU 1 66
XAXIWENE 8 15 15 80 19 2 42 52 59
YOQIKUKI 4 55 28 17 9
HUTUPI 9 37 77 21 19 70 42 40 48 63
COWU 14 1 66 77 54 8 28 25 30 57 27 6 44 16 18
SUTIJE 14 40 68 33 80 5 79 9 58 46 24 54 7 21 50
XUVU 8 41 4 19 71 20 32 23 70
POVIBO 7 69 60 5 5 32 21 24
MIRU 9 36 16 78 66 47 18 5 57 57
KAYA 15 39 28 74 43 28 10 31 55 27 61 59 30 14 2 35
QUQI 13 13 3 42 56 28 69 4 61 39 74 71 55 44
DE 13 7 76 33 23 3 39 35 58 80 7 65 60 77
ZOBOLADI 10 67 32 21 30 13 3 63 16 3 64
BIHITISE 4 17 60 79 70
QE 1 19
DIBA 8 16 4 30 7 78 18 64 51
RUBEVENO 8 47 21 75 22 29 59 48 9
MURACURI 3 45 24 75
WI 14 59 31 50 33 55 48 22 22 4 1 55 47 59 7
DA 3 61 78 61
RU 7 73 43 3 53 5 72 59
LI 7 49 16 27 15 46 39 50
VUROCA 4 48 51 20 7
TU 9 36 68 69 32 71 47 73 26 49
MUROFUPO 2 80 28
MA 8 30 19 57 40 7 60 68 72
KUBAXEKO 12 40 55 40 53 41 64 75 72 72 51 66 23
WOWOJU 11 35 76 69 19 52 31 71 60 12 5 53
BIZU 5 7 41 74 11 33
SIPEKE 9 15 76 63 8 22 57 4 17 50
GASI 2 23 38
GA 11 36 5 4 35 79 37 33 42 43 16 76
JA 4 59 26 36 42
DIBA 5
11
TELEPORTASI YOQIKUKI
UNIFIKASI RUBEVENO MURACURI
UNIFIKASI JI KAYA
TELEPORTASI TU
QUAKE XUVU 64 2
STABILIZE
TELEPORTASI CEXU
GERAK KIRI 8
TEBAS KANAN 1
TEBAS KIRI 2
UNIFIKASI RUBEVENO COWU
