87
SECUJA 13 74 17 19 76 6 9 52 29 43 7 78 75 32
RUVUDAFU 10 60 2 78 40 78 75 9 48 44 54
POMURIRO 9 1 6 34 21 56 46 74 60 46
LA 6 70 60 1 23 23 53
TUJO 13 50 49 41 51 22 65 79 53 19 40 57 65 8
LIBIZAPA 6 19 50 27 38 80 45
CUWAVO 11 9 33 71 72 34 23 65 71 46 28 46
FUTOTI 14 24 73 16 51 25 23 59 54 61 44 69 31 44 10
GACOSI 12 42 35 78 73 43 3 59 64 59 2 26 20
KU 11 45 74 79 26 47 70 9 3 31 80 50
RALEYOQU 4 53 19 71 22
FU 15 46 65 1 28 54 28 28 75 63 52 2 70 31 16 76
HITA 6 73 3 25 36 75 66
YIZE 7 72 14 10 38 76 42 14
KO 9 75 73 25 49 2 11 29 52 11
JAVA 4 39 18 3 3
PISIKA 1 64
DOXO 4 16 46 56 18
PE 7 1 28 10 34 17 14 36
CIXOHU 12 25 4 61 72 33 64 59 42 35 72 36 24
QUHOTAVU 14 46 54 56 36 47 4 68 25 31 57 14 51 52 16
CALIBIZO 12 55 71 33 39 19 27 73 27 62 57 72 36
JAGOKUZO 6 39 62 26 74 80 64
KUHIWIWA 10 67 43 60 14 27 30 78 39 1 60
WILUTIYI 11 68 22 2 27 26 44 75 51 78 7 15
ME 7 64 77 75 6 77 58 12
SODU 6 46 23 32 22 10 55
XEBU 12 80 59 78 41 17 57 39 61 8 70 55 2
QEDU 4 79 6 77 38
LUJOPI 6 47 39 39 31 22 50
YOQEBE 9 20 62 50 41 9 14 14 71 74
POYU 3 49 24 75
BAGE 8 73 78 9 66 13 16 12 25
DONECU 3 5 66 10
FUYITOVU 15 50 18 66 76 72 18 72 69 2 46 54 67 6 39 63
YAHA 6 4 72 52 58 30 70
BE 3 10 32 41
RILIJU 12 51 69 65 36 79 17 18 62 63 58 65 45
XASI 9 49 5 17 75 53 37 77 37 71
HI 2 27 5
YAZOFICI 4 73 43 13 28
KIKU 9 37 6 40 75 64 66 6 37 40
FOWE 6 59 50 72 50 62 26
XEFO 5 50 73 49 12 41
DU 2 26 54
NU 11 61 49 7 45 41 8 58 35 42 10 55
QE 6 38 44 56 40 70 79
ZOZE 1 60
NEHENADU 3 30 24 33
COGOYEFA 10 67 19 31 22 18 41 51 69 21 41
NIWIQA 13 77 41 18 69 31 66 66 22 65 5 10 34 9
ZAGO 8 9 47 64 58 74 1 11 46
KIHO 15 55 79 12 10 31 75 72 23 57 13 75 16 49 24 69
BECANA 6 62 34 63 65 46 52
YANO 3 20 16 68
GEXO 10 80 56 75 28 67 44 55 45 22 53
PUSAHISA 7 20 24 20 30 38 70 38
HAVA 4 80 44 78 31
WO 12 38 16 52 66 30 15 50 73 19 67 11 59
PI 4 75 70 27 18
VIPE 15 19 78 13 64 22 38 29 62 10 64 19 37 64 40 50
HUPU 3 65 27 54
FUFO 12 56 37 49 44 22 3 42 1 31 76 79 73
LUWIRE 14 21 3 28 80 13 28 29 30 2 22 5 7 19 61
RO 6 44 1 63 43 61 71
PUTO 8 49 54 18 71 11 63 48 6
COYIJE 8 39 63 79 15 37 73 63 12
SI 6 44 32 41 38 22 35
MEVOGE 15 20 57 35 47 23 46 42 1 34 41 6 23 76 66 49
RIRIRO 1 44
RU 4 11 30 43 14
ZO 7 69 53 2 80 75 6 13
PO 2 17 77
FAWUBEBO 10 30 44 16 10 10 78 8 73 65 47
JIVIREKE 10 55 15 66 13 72 21 62 30 16 58
KE 13 61 42 14 41 56 80 73 21 5 63 60 64 14
QUCUTUPU 12 61 71 30 20 80 66 80 30 8 53 24 44
POVEJI 15 44 77 52 7 13 49 57 21 78 24 8 46 61 20 47
HOMO 10 5 24 37 69 50 15 59 63 31 71
XUWE 9 70 56 61 62 45 28 80 34 17
MEPI 5 22 34 51 24 49
XOGU 1 58
GOYETUGO 5 36 16 15 76 60
TIYE 13 68 13 61 74 70 40 69 29 4 14 24 74 62
RUJUQU 8 76 21 43 8 14 25 73 39
PUZADEVE 8 32 20 9 70 64 31 71 52
JEHUNE 3 56 57 65
ME 1
14
RISE YAHA 46 2
GERAK KANAN 10
SWEEPING RUJUQU 8
RISE CUWAVO 82 1
GERAK KANAN 2
QUAKE JAVA 1 3
UNIFIKASI QUCUTUPU HI
GERAK KANAN 7
RISE POYU 77 2
GERAK KIRI 5
TELEPORTASI KUHIWIWA
TELEPORTASI JIVIREKE
SWEEPING MEVOGE 5
CRUMBLE
