95
POLUSIDO 4 27 9 52 66
RIHI 10 52 4 23 23 24 80 72 67 36 18
TAGITIPU 14 61 4 73 37 24 80 40 31 76 63 25 28 59 27
SU 10 69 12 16 15 4 27 39 15 43 18
NA 3 22 39 51
NUPAFATO 6 48 16 15 21 5 57
NE 7 2 41 3 27 6 79 79
YOLI 3 72 47 44
POXODOCU 12 45 10 61 48 43 66 37 70 28 60 51 29
TE 4 8 76 36 69
TECU 3 75 48 12
JUBE 11 64 63 48 32 12 66 26 70 26 70 77
CI 13 15 68 63 43 51 19 38 20 40 16 4 11 5
CILUHOPE 6 18 16 69 17 34 46
GA 13 80 11 27 68 25 24 77 51 61 74 68 76 44
KU 8 18 75 16 13 78 62 25 55
SAYUBUXO 14 29 68 14 11 57 47 58 36 33 77 1 53 33 30
PEHO 4 64 79 70 41
ZEGASA 8 14 18 14 72 43 49 16 12
PE 5 31 52 23 64 52
MOMO 2 42 41
DI 2 40 56
XU 1 34
YAYE 15 10 72 55 71 58 63 62 39 39 3 67 6 63 14 44
PEQO 6 22 59 73 79 10 51
MI 5 20 7 28 76 13
VIYADO 13 67 75 15 30 47 7 58 60 52 55 64 32 73
KEQARAHU 12 75 25 27 31 67 6 41 64 49 62 44 59
TETI 8 58 34 66 54 4 49 51 13
QUTERU 1 61
ROMOSATI 12 80 7 41 6 15 19 46 1 73 1 74 31
VUHA 13 71 48 59 20 19 42 67 16 20 35 79 44 46
CO 5 16 37 4 51 31
DIVAKE 14 5 66 2 27 61 74 62 76 79 67 57 8 78 27
YO 10 38 62 53 50 58 19 58 33 43 75
ZOVIZAQA 15 23 56 57 36 60 62 26 25 12 36 49 55 38 25 30
TOWIVO 15 60 13 25 22 48 2 5 41 44 43 4 78 21 63 11
NU 3 1 23 46
DUMI 9 21 49 8 35 20 75 65 1 56
FUVOBACU 14 79 76 39 59 7 26 21 5 77 15 48 2 20 69
HOJIMUKE 6 9 35 18 29 55 11
YEXAWA 3 6 5 7
FATUME 10 80 14 26 66 34 37 41 65 26 38
NERAJI 14 21 15 60 43 51 47 25 74 56 57 34 2 71 11
QA 15 34 53 47 12 11 17 13 7 28 72 62 53 24 45 14
DEJEXOYE 13 38 7 4 70 37 17 39 73 62 29 52 41 45
VUMU 2 13 37
KELOVI 3 4 72 61
JOXU 12 74 43 56 80 71 55 17 65 66 3 50 51
ZECOWI 4 63 44 40 53
HOMA 3 40 59 28
DE 6 55 62 36 26 68 4
ZADI 14 48 11 71 71 1 54 58 23 25 26 32 68 3 29
WU 3 70 11 32
HASEBUJE 8 59 24 2 61 50 8 65 68
BO 11 68 26 37 56 76 4 35 49 51 38 23
MIDIJI 6 34 36 66 40 33 49
WISE 7 28 43 30 4 68 47 5
GITI 4 69 72 53 28
LABAWI 11 68 79 6 37 53 80 17 17 76 35 51
PUNOZA 15 59 43 22 80 5 37 72 68 23 43 23 62 66 51 42
HUZIJE 8 13 20 14 79 54 4 21 42
PULUMI 6 32 40 66 35 8 5
GU 15 9 26 56 41 76 63 70 38 56 37 8 15 45 28 43
DU 15 23 51 10 2 79 33 51 40 57 57 23 40 39 51 36
TAJOWA 4 37 49 11 37
VOXOTU 1 8
CAKABU 3 52 7 72
HAQADU 6 54 21 30 28 42 75
CUXO 4 47 34 44 10
NOMI 1 54
DO 8 7 72 36 32 30 30 22 3
DUDA 2 76 44
QESULEJE 6 25 47 43 11 45 5
SECOCE 10 52 72 42 59 47 74 33 43 51 45
FEVEYAKA 7 17 78 70 79 20 1 7
MURO 2 53 3
LELI 4 40 80 65 17
ZEDEPIWU 13 11 30 75 25 3 69 20 42 58 33 61 17 45
XAFOHI 13 9 4 62 72 35 44 4 37 11 24 12 46 51
ZE 12 8 32 68 26 13 26 6 66 33 8 41 76
ZUTA 4 39 55 28 55
TEDU 15 56 59 65 60 51 8 46 46 45 30 48 36 28 20 47
HUYE 12 30 42 71 1 61 40 31 10 37 71 58 5
KOCAWI 1 71
REWAGI 15 12 25 39 15 26 10 59 22 78 19 19 13 42 43 52
FA 12 28 22 17 55 76 40 71 60 35 25 36 18
NUCOLIMU 11 9 71 74 26 72 9 9 41 40 66 16
FINA 8 39 35 6 15 36 59 60 6
HAGITURO 7 36 72 3 75 19 7 78
SUMAZONA 7 62 32 35 64 53 11 3
YEKADAJU 12 55 69 63 17 72 80 22 26 66 17 44 37
TERA 6 3 44 48 5 6 15
ZUPUSOWO 12 80 35 42 23 40 76 19 26 13 44 24 37
PINOGA 5 79 39 74 24 71
XAFOHI 2
23
RISE WISE 37 2
SWEEPING YEKADAJU 3
QUAKE YOLI 45 2
QUAKE PE 30 1
QUAKE TAGITIPU 69 3
RISE CI 10 3
RISE TE 64 1
QUAKE SECOCE 58 1
GERAK KANAN 4
GERAK KIRI 5
CRUMBLE
TEBAS KIRI 6
SWEEPING PEQO 4
GERAK KANAN 1
STABILIZE
TELEPORTASI CO
STABILIZE
QUAKE PE 13 1
TELEPORTASI XU
STABILIZE
STABILIZE
UNIFIKASI DE KU
RISE MIDIJI 60 3
