44
MUME 11 61 28 35 79 26 32 41 79 10 9 39
HEKEZE 5 38 57 19 59 61
FAJOLEDA 13 75 36 76 28 49 16 79 44 27 49 24 55 8
YOYATAFE 1 10
REQUBA 5 57 28 66 8 10
WOYE 1 59
MIWAPU 11 20 80 63 29 26 7 17 70 27 12 75
XU 14 2 51 75 66 32 69 52 74 29 22 53 73 60 5
WAQOCIKI 15 13 70 44 47 23 38 28 42 18 25 66 27 17 48 63
MAVAFU 4 2 76 15 53
ZO 14 42 62 31 6 17 67 44 50 54 52 73 50 12 32
NA 7 39 14 1 73 21 30 57
ZIROPAZU 6 48 55 58 57 30 25
DOSA 12 68 50 75 21 33 74 18 60 3 35 14 30
LAKE 14 45 1 66 60 42 12 9 39 32 62 60 27 24 69
LUKEMI 14 42 20 32 79 49 55 35 71 79 15 24 21 69 71
YEHA 7 18 70 51 50 75 38 76
GICIRILO 4 63 65 21 70
CEWUZIYI 3 10 8 64
VEQAYO 5 28 77 8 80 67
ZOJIZA 13 64 17 43 39 11 45 35 72 7 78 11 27 26
ZU 13 18 48 5 36 58 31 40 26 39 3 21 51 12
WEPICE 7 66 80 67 26 10 24 1
KOMETIDE 13 10 52 42 62 71 25 27 18 2 9 5 46 75
JE 13 15 73 25 73 80 58 3 70 18 23 76 49 20
QOVI 11 55 78 48 33 41 7 8 2 43 56 56
DOPI 1 38
KUNEWABO 14 62 19 79 60 68 67 24 57 73 63 56 55 32 75
CU 12 53 67 3 74 48 25 52 63 63 38 5 66
ZUFETE 3 62 50 50
YEWELA 6 29 34 18 61 21 80
BUJAQI 10 36 28 45 40 56 46 14 29 1 39
VUKAPO 10 23 2 56 50 23 36 6 13 79 64
HUSE 2 49 35
PEHUPUWU 1 22
LEBIQU 10 48 52 69 80 21 15 56 36 34 58
GIJISEXA 15 49 27 50 73 2 76 9 65 29 63 65 35 31 30 67
TOWA 15 73 61 71 28 37 2 37 12 71 29 51 38 25 6 55
POFA 6 22 16 46 54 16 79
DOBA 14 3 71 70 53 50 62 56 27 64 10 77 57 6 50
FONU 10 75 78 46 57 55 3 42 63 17 25
HIRE 3 62 44 28
HOZIXEHA 15 21 13 20 24 59 39 7 52 77 61 25 4 2 37 10
XEZIRAGE 5 3 78 27 76 72
KUNEWABO 8
14
RISE DOBA 30 3
TEBAS KIRI 10
TELEPORTASI VEQAYO
TEBAS KANAN 10
SWEEPING ZOJIZA 2
TELEPORTASI FONU
UNIFIKASI ZIROPAZU LEBIQU
TELEPORTASI ZU
TEBAS KANAN 1
UNIFIKASI DOBA DOSA
STABILIZE
QUAKE FAJOLEDA 4 3
CRUMBLE
RISE YEWELA 69 3
