99
PAWAQE 7 62 79 41 29 31 13 2
MEVUXEHU 13 26 6 43 36 38 31 39 69 61 63 36 24 34
ZEDELUTO 11 40 3 49 27 30 69 18 67 14 41 38
NASUFOSU 15 6 32 44 63 17 44 80 58 73 28 14 18 26 77 37
MAPAFOHO 3 65 36 65
BI 3 48 48 33
DUXAQAPA 7 17 66 78 64 48 59 57
SANIQIYU 7 63 72 50 41 66 76 12
MIYOHE 4 45 35 35 74
TOCASI 4 39 25 54 24
HIJOSO 11 51 36 71 16 29 61 10 35 34 16 26
FUKI 11 18 25 47 76 48 50 6 5 17 74 48
LUSI 3 15 42 52
HEMIQUTO 14 20 11 11 45 50 47 2 3 13 56 46 73 36 38
DECUVELU 2 49 63
WEDA 1 19
TIBODEQA 15 3 6 72 20 51 12 57 10 47 65 50 15 50 7 65
HE 13 27 5 19 76 20 36 68 80 53 36 75 2 42
DI 3 28 25 28
CIKO 15 53 1 68 36 17 42 33 21 32 24 80 52 4 77 6
HO 14 47 49 1 33 56 35 64 23 25 75 59 70 2 51
ZAZOTEKU 15 54 30 48 64 63 56 77 19 52 1 18 55 60 71 45
JO 13 74 55 57 13 6 48 54 25 24 70 47 29 19
QI 5 16 6 33 63 69
TUGU 3 75 19 26
YUWI 10 9 75 39 53 15 54 55 72 21 78
DAFIDEZI 13 20 46 56 34 47 78 53 51 71 14 1 10 21
MEMUKU 4 27 17 48 60
NAFAKECU 12 24 10 9 42 57 23 30 10 53 41 12 6
KUSO 7 68 69 50 61 47 43 13
CA 4 8 78 51 53
JUKINUCA 7 51 52 27 6 18 31 34
ZO 13 39 17 62 54 7 77 11 63 45 37 19 72 7
NEYOXAYI 3 52 10 17
SOPULE 11 75 62 25 42 71 53 37 54 7 29 71
BAXABAJE 5 4 65 31 33 68
COJAQARU 4 21 36 52 38
DEME 15 28 9 2 28 6 74 31 35 2 75 2 32 62 74 31
KU 1 57
VEQAJA 13 71 40 78 47 11 33 26 75 63 40 46 74 61
YUPIDI 14 7 24 48 74 39 40 50 26 6 9 51 1 19 44
SECEMEYU 15 14 12 33 42 76 71 4 59 50 72 77 54 48 17 8
GA 8 50 7 5 39 5 4 78 60
QIRAHU 12 62 6 55 28 26 63 13 21 24 15 30 39
JA 15 58 12 56 4 72 60 14 59 3 10 17 74 71 45 16
KONE 9 7 78 3 30 44 51 1 67 39
TIPA 14 43 1 18 56 33 24 64 72 31 78 47 61 51 70
BOCO 14 24 44 14 46 44 45 51 80 36 18 38 40 50 26
PUTU 10 42 75 72 50 53 56 54 22 19 65
ZOPI 15 50 77 50 45 77 18 57 44 72 9 22 55 72 42 75
MAXAZACA 8 27 7 8 63 34 13 50 48
VAZO 6 21 72 62 42 72 76
BIROLU 8 44 61 35 43 42 61 40 45
VICI 13 9 23 30 24 17 7 26 25 69 52 31 18 71
XUXE 12 7 47 59 36 67 57 15 10 18 36 30 8
PIKA 12 20 49 40 14 70 35 40 7 31 71 71 43
TAZI 8 69 65 64 80 29 71 49 21
PADAWEBI 7 59 31 14 35 68 12 58
GOBUZE 9 53 7 63 29 58 59 3 69 10
TU 9 12 36 22 10 77 11 18 61 73
GIQA 3 63 19 18
BIFO 14 45 48 17 15 42 46 9 39 16 50 13 46 62 15
FIHUMUFA 2 72 68
CANI 11 25 56 46 54 43 59 20 41 12 59 28
BAMINO 14 41 41 2 33 35 75 42 52 42 11 32 62 39 7
QERE 3 60 50 50
BOMEMUJU 2 75 13
YUDO 4 51 62 5 49
KIZIKE 7 27 76 66 17 21 57 28
BIQU 5 13 59 50 29 23
TIXEZOVI 10 14 40 32 16 45 4 18 35 55 36
JU 3 44 35 58
DAFO 5 75 26 45 60 8
FE 11 40 79 50 56 24 26 79 75 47 59 18
RA 6 56 74 67 39 10 58
YUVE 10 55 9 13 54 80 9 51 34 8 59
CUNI 6 28 34 20 68 55 26
SAGOVOZE 14 13 63 42 58 22 69 58 27 70 70 64 38 38 70
SO 6 56 14 4 41 75 45
BU 12 61 24 43 65 55 31 5 1 13 29 10 38
COTA 13 28 37 61 49 53 31 8 67 20 78 59 27 14
RULI 11 38 60 3 22 72 41 14 44 8 75 66
GUYEYUWA 14 21 15 41 79 21 20 4 8 77 43 24 79 11 69
VA 13 31 29 32 2 20 8 33 55 67 27 69 17 43
RI 14 65 46 12 32 5 33 19 70 65 72 64 3 49 48
FUHUPULU 8 75 58 73 50 34 16 70 52
VUDURIXU 1 26
BEHUZICI 9 34 66 51 36 10 12 55 33 56
TEQIVO 2 34 33
GO 15 28 40 33 67 61 31 6 24 9 45 76 36 21 64 18
WUPALE 12 7 44 51 3 6 71 11 46 14 1 14 51
FU 13 40 26 16 5 78 9 56 46 66 9 62 71 21
GIPUXU 10 53 59 33 66 33 76 42 13 49 73
XETEFE 8 36 58 63 48 74 72 16 60
MIZU 10 25 51 55 76 62 29 34 20 16 16
ZESIYOVO 8 72 76 75 62 4 19 35 7
RATIJA 1 20
VIWEBAGE 1 7
NEBADAMI 10 31 78 39 72 64 51 5 48 68 77
QIRAHU 1
11
GERAK KANAN 5
TEBAS KIRI 10
SWEEPING NASUFOSU 8
STABILIZE
CRUMBLE
CRUMBLE
CRUMBLE
GERAK KIRI 1
STABILIZE
RISE DUXAQAPA 64 3
QUAKE NEYOXAYI 57 1
