93
JIRIXI 2 79 55
VOKEME 4 10 39 73 57
ZEPIZANI 9 70 42 25 22 79 33 2 77 75
NU 14 35 11 63 21 59 48 71 43 34 69 26 37 62 23
XAWIXIWA 3 44 7 75
QETULONO 7 43 23 63 13 23 72 74
YUJU 15 45 30 69 56 2 21 54 10 5 58 64 53 11 31 78
WAYE 12 53 45 24 68 12 60 38 42 73 21 27 65
SO 7 9 31 36 76 33 53 70
CA 1 11
MU 6 38 51 9 21 22 47
DEPURIQI 9 77 74 30 58 21 49 18 80 6
QEMUBEME 11 18 66 47 1 7 65 41 67 57 27 23
MALOSA 15 47 10 13 42 80 38 60 16 12 19 11 19 73 38 75
MAXENAMA 9 61 22 65 65 64 77 7 35 30
KEFAMI 8 55 62 39 9 71 68 31 11
HA 6 50 6 55 54 32 48
PIQUYE 15 29 52 46 73 31 67 68 70 46 34 27 39 24 30 48
QAKA 9 71 12 10 76 42 47 62 47 30
YATUJULE 4 64 49 69 35
ZE 10 44 1 64 16 47 68 26 15 8 72
FEREHU 14 46 38 31 21 19 35 63 1 61 12 74 15 18 53
JAXOQAPO 13 40 62 65 32 19 9 29 33 23 57 42 75 65
RI 9 1 69 44 12 76 49 18 75 29
LEGU 12 72 60 55 65 51 68 65 7 39 41 56 6
KIREBEBA 13 68 71 11 77 23 14 68 38 21 62 71 73 4
JETERO 12 33 48 75 22 26 79 45 80 60 10 63 10
HU 1 80
BAKOGO 6 17 61 15 78 74 14
MEMA 12 58 21 62 29 12 7 48 8 74 41 39 31
HEQUQESE 2 25 74
CEJIDAPU 12 41 73 14 15 36 6 63 6 55 8 75 7
HESULIXO 15 11 35 64 74 53 78 43 54 25 57 69 25 74 26 48
HAMUNO 14 47 26 2 36 15 29 6 56 68 67 74 20 78 29
ZIXOVA 3 67 4 31
POXITIKA 9 7 55 49 27 31 48 61 12 26
WUBESUTO 14 69 13 65 50 55 77 14 24 29 77 4 25 21 36
KETIFO 2 21 48
TAFO 5 43 46 14 5 16
YEQO 1 1
LUYUHIKO 10 78 21 72 68 47 63 29 62 7 29
FAPOFAJO 11 64 76 44 65 61 50 39 45 23 16 2
DAZO 2 72 79
HIHUFE 14 43 9 18 37 75 39 28 40 9 25 24 8 42 49
LURUZE 5 46 46 33 3 36
VARELE 5 14 5 57 33 18
WELE 14 16 19 15 35 30 1 59 60 34 30 56 49 33 41
HO 8 80 26 38 50 71 45 74 30
QINOKE 8 32 36 10 14 9 58 46 46
HERULOJU 7 66 79 71 65 13 79 77
CIMA 3 71 28 52
QEZI 5 70 69 34 28 62
RUXUJE 3 14 65 60
MIPU 13 62 10 73 40 31 20 33 16 8 61 75 78 22
DAXETANA 11 75 36 60 4 30 45 48 54 77 39 44
HI 10 19 38 19 52 1 46 26 48 53 41
CUSUXAPA 9 22 60 57 51 31 43 17 58 7
MUVI 15 7 47 32 39 49 44 36 77 49 60 1 71 33 21 32
ZOHINEKE 2 71 46
JAGIPA 10 74 57 5 80 14 30 51 76 80 52
SOMOPU 2 48 36
ME 7 9 50 4 35 46 61 13
JAWIYU 5 48 79 2 38 76
TUMO 3 28 52 12
JODELE 14 52 15 79 44 9 37 77 6 35 11 35 51 1 75
KACOTAHI 10 6 69 43 24 33 12 67 1 77 5
RIDO 9 46 39 75 22 24 12 20 65 73
SAGE 7 69 11 9 7 27 73 28
HECALAMI 1 37
XUQU 11 47 18 80 27 23 46 29 33 76 32 5
DORA 5 43 47 22 26 64
LESIXU 4 60 60 69 28
GIGUNE 2 27 24
JA 15 38 36 9 64 50 50 48 22 60 61 3 11 35 78 13
VONUGO 15 11 12 67 75 78 32 59 70 38 74 69 10 2 6 28
CE 3 71 20 12
METEKI 13 38 6 9 17 74 9 69 6 28 50 4 64 15
ZUPO 5 77 60 59 31 69
RAVERA 10 12 49 6 40 47 19 63 36 53 23
KI 5 32 13 14 12 79
JIRICI 8 57 77 69 10 17 16 69 17
BA 14 48 73 39 62 55 32 59 26 38 38 9 10 63 5
JI 4 54 51 76 28
MAJA 2 8 17
PETIBIWO 12 18 18 69 69 13 73 48 64 11 53 15 58
HACE 11 3 78 28 40 62 31 25 8 18 13 41
JOZIPIBI 4 15 70 72 53
HOSA 7 15 57 10 24 68 16 79
GEGAQUKA 14 14 21 63 77 2 51 10 8 77 13 18 59 1 65
PO 15 63 54 46 42 70 77 42 8 60 16 6 70 56 35 51
KU 8 12 9 9 13 7 6 23 65
FETEMAYO 2 59 27
FICUNOKA 1 67
CEJIDAPU 6
9
UNIFIKASI QETULONO WAYE
SWEEPING MAJA 10
GERAK KANAN 4
GERAK KANAN 4
TEBAS KIRI 4
TELEPORTASI YUJU
GERAK KANAN 2
GERAK KIRI 1
SWEEPING FICUNOKA 7
