97
FIPIXU 5 46 51 79 24 42
LOFUZUME 6 21 68 44 52 36 74
ZITI 13 55 80 40 7 19 80 74 31 13 42 40 31 31
REME 8 34 29 14 44 18 33 7 40
DEQASUPI 3 1 47 36
DIFEHE 11 3 75 70 13 17 13 50 39 48 5 1
PUHIROPE 6 25 55 45 32 20 76
VORUWO 4 62 73 24 70
TANEBOQU 12 1 44 79 34 41 69 37 38 1 58 18 13
PUHA 15 59 73 41 74 57 65 12 50 44 74 36 46 62 38 33
HI 11 18 70 7 38 55 28 60 51 30 74 67
LOZUDIRE 13 62 52 43 67 44 54 5 7 33 43 60 31 22
SIVISATU 11 24 54 51 32 5 39 54 60 40 63 24
HAVUYU 1 65
HE 9 7 55 36 36 8 48 37 15 6
VOSU 13 76 30 42 72 41 66 19 71 58 52 58 13 28
SE 7 73 72 76 73 55 60 47
CEYOKEJU 14 58 36 39 42 7 1 47 27 53 66 62 79 10 39
ZAGUZOLI 8 47 80 48 9 66 2 46 10
WOSAVUVU 14 14 10 16 21 32 34 38 72 41 15 36 45 25 74
PEBA 15 58 2 22 58 26 8 57 1 27 78 58 39 76 38 9
BUREDEKU 4 62 8 43 79
COJUDIVI 4 6 43 9 21
CUJIHA 10 14 29 72 50 24 72 64 76 2 11
LUNATEHA 3 40 30 28
KI 10 44 17 15 63 8 5 4 30 39 10
COFI 3 42 70 21
KOTEPA 2 60 21
DOXOVI 9 15 43 13 10 57 30 47 19 6
DA 14 36 58 15 20 27 55 10 9 27 68 19 42 13 44
DOXOXU 8 30 11 34 44 3 47 53 8
LU 9 34 43 47 34 10 28 1 28 25
ZITE 8 74 45 57 18 30 4 73 71
XOSEPE 14 67 80 53 23 25 28 72 66 75 7 45 65 19 31
PUGA 13 42 16 22 60 59 43 39 25 51 38 21 79 49
ZUHU 13 71 58 72 1 59 10 31 4 29 44 25 63 3
FISO 6 41 56 55 8 32 3
DAGEQALI 8 46 76 71 27 72 49 37 47
KISU 8 22 45 60 14 13 67 63 26
TOSA 1 32
XICA 12 10 77 8 60 52 29 13 24 52 38 51 52
YA 3 68 31 49
TESUVA 8 23 11 7 39 17 12 29 74
SU 4 13 8 45 49
ZU 13 76 55 44 71 32 63 54 25 33 16 75 45 31
GU 2 44 26
TITEYIRO 8 32 11 36 78 10 64 26 2
PE 5 36 79 24 56 76
VU 12 53 43 64 64 40 3 13 6 28 57 59 61
VIRIVE 14 29 11 36 44 7 29 26 54 53 40 23 65 62 40
MUPO 12 66 69 60 53 75 68 56 11 39 16 57 11
PEVIPI 12 66 48 55 2 74 70 51 55 51 35 5 30
YUHASU 6 78 67 56 4 63 14
HOSUQIFO 7 67 77 78 67 25 39 36
QUXI 13 65 62 37 33 16 22 42 26 52 54 78 66 34
DEXUDI 6 13 69 12 42 79 78
KIZOZE 11 32 10 27 58 56 73 12 15 53 12 69
JICIWE 4 53 50 50 57
SABEPU 12 23 39 46 28 23 75 7 16 72 41 3 44
FIFAHEWI 11 13 65 76 11 40 79 59 24 75 55 7
YE 14 70 50 67 67 23 34 52 15 77 47 43 23 10 6
XIZONE 13 40 75 15 35 50 51 80 57 1 42 24 17 75
TEJO 10 49 65 36 73 25 10 59 56 38 56
COLECOBE 13 74 29 22 55 3 22 35 76 38 70 37 62 80
VIWANAYA 6 35 60 42 40 39 39
FEXO 5 12 33 79 60 6
YECUKIGA 3 27 75 48
NUQOQA 13 70 32 40 55 52 36 20 44 26 27 75 78 56
HEWEGEGE 10 53 22 38 75 27 38 6 80 18 58
BE 5 45 78 70 59 69
XORINU 9 39 28 44 48 45 12 30 7 74
MIRI 10 51 6 41 41 65 79 8 31 20 77
KEJO 8 52 20 13 48 68 18 54 59
WIZU 2 22 50
SI 1 44
ZEDONA 10 27 78 79 54 20 58 55 16 37 68
PEHEZI 5 42 24 35 38 3
GOYAZU 8 79 27 71 38 61 23 11 2
FEXAKE 10 70 80 31 44 49 78 45 38 20 22
PAMECOQU 11 68 40 10 72 75 66 26 17 33 79 29
TECERAPI 12 10 13 15 10 15 8 9 40 69 4 11 38
QUGE 13 39 22 37 5 61 67 39 37 38 72 34 12 29
FOCENE 7 42 23 77 29 10 77 40
TE 14 63 37 47 62 75 57 24 24 6 52 21 68 26 76
DAHOMI 11 37 72 59 37 66 41 60 49 34 64 49
NECIJE 8 62 20 52 41 72 52 71 48
DITECA 4 67 44 46 54
QIMI 2 14 52
BUZARE 1 40
HEGOQOMI 4 20 71 60 19
COHO 3 73 77 31
LUVOPEHO 5 56 48 11 25 55
KODIPA 1 21
PISEVI 4 16 72 40 1
TIJAZONU 10 19 43 11 8 34 57 47 54 3 9
PO 8 33 37 35 67 19 59 34 52
FORESA 8 63 33 6 29 39 56 37 8
BUZARE 1
9
UNIFIKASI CEYOKEJU LU
TEBAS KIRI 4
SWEEPING HOSUQIFO 9
SWEEPING KIZOZE 1
UNIFIKASI NUQOQA LUVOPEHO
GERAK KIRI 5
TELEPORTASI LUNATEHA
RISE JICIWE 3 1
RISE YE 36 1
