19
NE 13 24 50 55 20 32 29 15 49 75 52 59 18 24
HOYEMORO 2 47 65
TAWOWI 3 9 18 29
SUYIHAGE 2 36 76
XO 9 31 10 69 15 42 21 31 17 43
KICU 12 7 77 27 63 4 7 2 64 79 50 48 53
MA 5 33 51 1 38 43
HAZU 5 67 42 78 64 62
XISAXE 13 55 26 60 18 71 35 31 61 22 7 46 35 4
SUYI 2 32 51
KIYUVO 2 75 60
CA 4 28 69 60 49
FO 11 65 63 66 35 35 39 11 31 5 39 75
TA 7 15 23 70 46 69 64 49
YU 10 71 67 13 2 68 26 70 49 52 59
MABI 9 47 65 14 42 4 59 34 31 9
RIKITO 13 58 52 54 73 42 63 54 8 11 13 29 43 80
TEREMOTI 15 76 22 5 32 10 12 14 27 54 31 4 61 55 37 14
WUGI 15 40 70 2 23 62 59 40 43 80 24 69 34 16 4 29
HOYEMORO 1
3
QUAKE NE 3 1
GERAK KANAN 2
CRUMBLE
