13
FARU 11 51 19 8 22 50 6 56 36 14 23 26
LAGUMANA 6 9 5 68 35 59 77
FO 9 79 19 39 4 27 7 69 48 55
HO 13 34 71 7 33 8 44 47 26 52 65 10 74 80
XUPI 11 38 58 4 73 21 78 53 6 29 54 56
VO 10 13 22 18 76 44 47 16 58 29 1
TIVOKA 14 57 68 74 65 4 16 42 35 39 22 16 38 11 28
YOMEXOXA 9 4 36 47 49 17 69 37 41 33
BAMEHEGO 12 41 30 1 51 76 61 31 72 27 12 23 55
JI 8 58 45 28 29 72 49 69 58
TAYAVE 8 76 77 30 38 28 25 38 16
COZADUSO 5 40 48 64 37 12
ZISO 9 10 63 44 24 2 54 79 62 60
COZADUSO 2
5
TELEPORTASI TIVOKA
CRUMBLE
CRUMBLE
RISE COZADUSO 44 3
GERAK KIRI 10
