47
SIMIBE 1 65
HI 5 22 75 4 59 17
MIBA 13 55 3 69 9 77 1 20 14 73 46 3 77 45
DI 12 1 57 23 36 66 3 42 14 74 18 16 78
WIXU 4 69 80 7 61
PECODU 9 71 50 7 77 17 72 64 56 33
ZU 14 37 77 48 63 40 6 75 55 64 3 51 12 75 21
BE 5 36 57 35 37 58
TU 4 19 13 15 65
KU 13 31 60 3 78 66 19 24 45 51 77 74 18 78
FORUKA 13 15 45 80 69 65 58 77 18 67 17 41 9 23
QOVE 13 35 62 16 14 50 31 21 46 6 75 69 78 37
NI 13 14 10 74 38 27 12 24 38 44 47 61 2 33
KUHEPI 6 65 45 42 73 20 19
CU 14 41 65 72 80 11 44 29 73 38 67 51 60 46 36
WA 4 66 25 39 74
MIVO 12 17 60 12 67 25 13 21 67 55 36 36 66
YUNO 10 67 22 44 77 55 31 6 56 71 40
DITIKU 12 52 74 24 74 80 6 19 80 1 26 17 34
VEVUBOQA 3 32 67 64
TEFUZI 13 71 75 80 69 45 74 24 4 36 22 13 13 65
MI 1 44
BESEZODO 8 36 32 54 7 72 60 46 56
VIQU 5 28 15 76 80 10
LISISA 14 43 8 11 80 50 70 62 61 65 34 40 78 12 14
KADU 12 54 44 6 62 73 71 24 44 15 80 13 45
BEPIJAXU 12 71 25 30 17 5 3 76 46 16 50 64 8
WOGUFUMO 12 13 58 73 10 53 8 8 31 36 5 75 32
WU 13 78 31 19 9 62 75 9 26 61 22 76 44 8
HOGUJUBE 11 15 6 18 80 14 59 37 47 59 53 45
LORA 14 15 48 61 55 57 57 41 46 64 5 39 67 76 66
LEMI 14 22 61 36 32 61 18 28 15 12 52 39 79 64 52
FOVUJA 6 70 19 52 23 25 20
WOKEGE 13 40 20 21 17 73 36 39 78 10 46 9 5 26
TUKOCUFO 14 60 7 50 49 11 66 80 17 61 15 50 78 65 44
NETA 11 15 17 64 33 31 77 49 11 17 52 61
NEHIDA 13 77 51 2 48 67 21 1 30 39 28 28 34 49
QOQEPONU 5 25 59 42 35 28
VU 13 55 28 78 16 66 75 38 57 44 44 52 14 78
SE 5 76 19 8 4 61
NIDIRI 8 24 3 77 61 73 20 65 64
LOXODU 2 23 15
BIFO 1 18
TUZOXA 10 39 35 13 7 29 46 42 52 6 16
WAFINEBI 5 45 45 42 2 24
QAZANO 12 54 69 64 26 46 3 25 5 47 16 23 74
HAPIMURU 3 21 33 39
WA 4
25
RISE TU 51 1
SWEEPING QOQEPONU 2
TEBAS KANAN 9
UNIFIKASI ZU WAFINEBI
SWEEPING BEPIJAXU 6
CRUMBLE
TEBAS KIRI 5
CRUMBLE
SWEEPING BIFO 3
GERAK KIRI 9
GERAK KANAN 8
TELEPORTASI BE
TELEPORTASI FOVUJA
RISE NI 72 2
RISE QOQEPONU 1 2
STABILIZE
SWEEPING ZU 5
TEBAS KANAN 7
STABILIZE
SWEEPING KADU 10
TEBAS KANAN 3
GERAK KIRI 9
RISE HI 37 2
UNIFIKASI BESEZODO WOGUFUMO
TEBAS KANAN 6
