94
XE 11 59 37 43 31 51 73 46 67 80 62 60
FENAQETO 11 13 67 66 14 53 57 2 38 12 74 50
VESOFIPE 6 56 9 22 28 72 2
VIFICUZI 13 33 51 14 70 41 51 57 23 72 16 74 42 43
YO 12 62 45 21 78 49 69 3 44 53 16 25 49
NE 14 50 16 72 34 49 34 34 3 51 46 79 74 25 29
BO 9 46 75 9 14 54 59 40 37 74
CULUCU 3 47 27 42
KIZI 8 30 13 13 5 79 65 20 63
LIGALIQU 15 30 16 24 9 30 32 58 8 71 8 8 8 10 44 50
GU 3 49 5 47
FOBEKI 12 23 71 7 54 48 22 12 74 3 47 79 23
HAGU 2 42 18
LONUCUXO 13 16 23 40 55 36 26 30 8 46 58 2 37 39
CATI 11 12 59 65 37 56 16 72 12 59 53 1
LE 13 9 74 24 18 51 18 11 56 78 62 27 42 76
VUTOYO 15 34 36 41 69 29 28 53 39 79 69 35 39 77 4 65
KUHEZELU 5 55 36 12 53 43
NENI 11 41 53 36 43 1 59 47 78 18 73 21
VAVODO 8 16 25 27 1 15 8 39 79
CAWE 3 46 12 8
TA 4 58 8 19 29
BOFEGA 2 41 20
LUWUKUCU 9 69 43 76 44 43 64 10 15 56
ZODAKA 6 11 45 39 24 61 34
CUNO 8 36 61 51 45 68 10 69 55
KALOVUMI 11 26 76 76 60 16 78 61 44 55 30 17
VACILI 15 21 5 10 23 76 34 14 54 19 42 68 9 19 50 41
XEJUPO 13 75 66 58 70 47 12 1 6 36 78 29 35 44
TO 5 46 20 20 70 80
REJA 13 54 7 35 79 47 69 39 19 49 22 31 44 53
TIHA 11 49 10 33 46 79 23 31 51 41 42 33
SIVE 12 15 7 16 33 68 40 25 36 46 2 16 2
JEDAWIJO 5 75 49 7 54 23
MULO 2 64 29
LONA 7 69 70 2 7 14 10 61
YAMEGI 11 19 70 29 25 48 71 72 66 5 16 4
SI 4 58 53 40 46
JOVEPELU 14 27 24 44 21 68 42 48 13 39 24 72 48 50 55
DOQOXOJI 2 1 58
FABA 15 67 60 8 2 33 34 69 28 77 14 2 67 48 7 36
JONUSA 4 16 1 20 47
MOXITA 5 39 32 77 47 3
KUHA 8 29 11 19 53 37 79 50 28
VUYIDO 1 38
ZINA 15 4 47 56 74 73 77 30 31 66 28 35 48 77 42 33
SOME 3 62 42 13
NENU 14 49 64 72 29 24 63 19 30 51 4 11 40 14 20
VORIHA 6 58 77 5 46 27 29
QERA 14 78 50 57 5 79 43 67 66 1 2 43 67 17 55
VONU 11 45 19 49 43 47 62 60 30 75 57 45
TI 14 62 22 42 42 41 62 55 76 77 37 19 38 59 26
PU 2 29 10
VAZELURE 5 25 27 51 18 44
SE 2 13 19
GULAWUVE 11 5 66 69 67 33 35 73 80 20 24 24
CUBIYI 11 13 25 45 80 27 41 59 30 48 19 72
CUNEWOBE 5 13 12 56 30 17
BIWEXUQU 12 68 19 48 55 6 60 55 13 74 51 78 54
QA 3 80 77 45
QO 11 76 6 32 25 18 31 13 37 39 32 69
WALUWI 11 80 68 76 52 52 62 12 45 30 39 32
GADESO 2 14 36
GOROJI 6 25 28 2 71 23 37
FIXOTU 5 70 32 30 13 6
RE 6 51 64 11 17 16 15
GAYAGEJA 4 80 71 80 29
VUGU 13 30 49 23 4 36 55 38 47 67 75 25 70 63
HO 2 70 47
BI 3 17 41 12
PIMUKURO 7 78 34 40 61 41 15 24
JEXONAWU 13 74 13 9 15 54 75 69 44 1 50 66 72 48
GI 12 64 29 19 34 26 22 69 12 79 33 76 80
KUKUVOYE 3 54 74 20
FOFAZIVU 4 13 65 32 65
MITOFA 5 1 41 69 9 66
VEXU 6 42 52 54 42 52 11
TAJALUNA 5 32 62 49 3 14
HI 14 35 39 72 42 51 56 75 45 34 51 29 76 68 57
TUHAXODE 14 26 7 16 33 9 22 24 21 1 68 53 78 30 33
LU 14 9 19 57 47 2 4 78 44 19 69 46 49 30 2
DEMITABU 6 27 20 73 53 77 66
CALUWAZO 4 65 7 26 59
CU 9 64 8 22 73 43 19 33 19 78
BOQI 6 69 25 43 16 36 66
XEQAYA 1 14
TAJA 1 68
RAZI 1 41
GALEPA 3 45 71 30
JUPU 8 70 70 27 80 37 40 61 24
NI 12 56 15 54 80 58 49 77 58 29 40 18 40
YIPUVAJU 1 10
GOGACO 8 55 59 44 5 38 58 53 76
KEPA 6 78 7 55 2 50 67
XEJUPO 5
28
CRUMBLE
TELEPORTASI GU
GERAK KANAN 1
TEBAS KANAN 9
GERAK KIRI 6
STABILIZE
QUAKE VEXU 62 1
UNIFIKASI CAWE GOROJI
QUAKE TO 14 2
UNIFIKASI YAMEGI FIXOTU
STABILIZE
QUAKE XEQAYA 11 1
STABILIZE
GERAK KIRI 9
TELEPORTASI LONA
TELEPORTASI CATI
CRUMBLE
TEBAS KANAN 4
TELEPORTASI TA
SWEEPING NE 7
SWEEPING TI 3
TEBAS KIRI 1
SWEEPING YAMEGI 10
QUAKE GULAWUVE 35 1
UNIFIKASI JOVEPELU VUYIDO
UNIFIKASI YIPUVAJU BO
RISE MITOFA 69 2
TELEPORTASI YO
