25
MEMU 9 64 46 9 42 11 61 78 11 45
WIHOGI 6 48 15 49 77 42 1
FUJI 6 46 5 72 30 3 46
DICILE 9 39 52 2 44 58 72 33 78 63
ZOXE 3 23 77 56
PEPUXEDA 9 19 39 7 27 29 76 42 48 60
ZIDO 2 36 76
JA 13 9 24 76 78 80 64 27 18 32 65 20 43 67
FOGUKUPA 7 5 36 54 54 57 79 31
DAFI 4 47 24 30 12
GELEVETO 10 64 8 12 77 71 35 23 65 50 32
PE 14 49 53 9 4 36 8 13 45 6 45 2 36 72 23
GUWA 3 7 1 58
HOYODEJO 5 62 14 47 31 33
CA 12 37 12 36 44 17 75 43 5 28 52 33 71
CEGE 11 24 51 22 15 24 34 34 6 17 50 51
FI 12 54 61 22 19 67 39 70 68 67 33 68 17
BUTE 3 3 42 73
SI 2 20 19
MEJA 1 30
DEKU 12 53 28 22 34 43 73 51 68 31 7 43 56
NUHARU 14 38 7 20 63 11 45 23 73 28 34 35 10 19 6
GEQE 10 60 10 50 23 42 27 62 38 62 18
PIRAWO 14 44 7 3 28 30 53 57 9 2 75 59 2 69 50
DOZUQE 4 34 11 74 5
NUHARU 9
3
STABILIZE
TEBAS KANAN 5
UNIFIKASI DAFI ZOXE
