74
LA 1 12
SUHEHUCI 5 4 17 33 6 79
XEJO 1 26
MO 8 38 4 32 48 6 27 80 64
DOCA 1 78
ZE 7 30 69 14 2 18 48 8
DIKARAQE 1 8
MISIJI 8 73 31 65 58 69 67 50 79
YO 15 61 13 11 5 18 21 29 27 63 25 10 29 7 18 29
PIHE 8 15 25 66 65 42 42 68 67
VUDOYASA 10 30 70 75 51 73 12 6 40 60 28
PATIMELI 15 33 42 27 41 38 23 76 34 56 53 37 50 2 6 65
VO 13 64 47 80 48 23 53 1 37 10 80 40 10 22
WU 7 50 8 66 32 1 16 37
WIGE 13 25 70 63 15 8 46 7 13 40 77 55 50 7
FOPO 12 40 7 78 43 23 53 56 24 65 58 71 71
YEPOBATI 7 46 53 73 50 66 60 72
REVIQISU 9 59 16 15 22 76 65 54 79 63
KAYUTA 9 52 27 43 59 4 50 73 20 55
KODUTU 11 71 15 72 23 42 46 17 59 1 63 63
JU 10 77 14 14 26 25 4 56 73 19 5
PEPAVAWE 10 56 54 45 21 35 65 66 37 61 69
NAMIYI 3 13 32 44
PEVOLACA 11 77 23 71 47 5 39 6 77 45 35 12
VULIBUVA 2 16 59
DOWUMA 5 60 20 56 30 43
JENU 12 42 34 80 78 63 36 17 77 41 49 17 28
FIYIZA 14 11 63 15 36 60 49 24 26 58 62 31 52 44 47
NA 4 3 57 64 14
YIXASUWI 1 66
LE 10 18 39 44 4 68 51 23 54 58 72
NEQEXU 6 60 15 26 48 43 80
SONA 1 35
RIQALU 15 46 21 41 28 8 63 35 18 1 76 46 37 66 37 20
LESAPOMO 8 25 15 27 72 80 25 22 46
LO 3 19 65 39
TERO 10 36 33 58 55 46 57 18 22 9 9
SAYI 14 35 80 32 3 73 10 50 33 20 58 53 41 33 52
BEQU 1 51
WE 2 27 70
ZUXARO 15 63 23 69 38 68 31 16 66 28 48 4 31 59 42 43
NE 7 44 39 64 40 52 60 80
BAKAHAFA 12 7 55 38 57 76 40 77 55 7 2 34 2
XURUSI 9 68 70 59 8 13 78 27 19 16
JI 10 59 36 48 20 52 33 43 79 76 19
PIGOXIGI 3 72 30 58
BAYO 7 61 67 12 51 22 4 64
KU 8 4 25 73 48 18 38 13 74
TOSIGI 9 19 32 38 26 27 57 53 50 30
FA 7 37 61 55 32 78 12 24
JOJEVURU 7 14 62 28 34 43 53 20
PAZE 5 36 39 36 74 78
HIHUYU 11 29 64 14 8 9 73 63 32 9 48 6
XO 2 44 2
KIJACO 3 16 24 13
MA 14 42 66 50 35 65 29 29 57 26 29 12 12 12 71
CE 14 36 11 40 11 41 31 26 73 18 59 25 74 13 42
NANULUTE 9 22 73 30 18 10 61 80 25 39
DO 6 47 79 53 58 44 60
CEMONA 13 77 79 18 16 22 45 76 80 2 14 12 39 25
BODEWUJO 4 48 66 30 23
KEWI 3 53 36 26
QUYI 12 72 2 29 17 21 6 77 71 12 18 7 58
WOYE 8 78 69 54 4 39 7 5 78
JIJIXO 5 58 37 63 71 29
ZELI 6 25 4 66 20 72 19
JOME 9 9 31 2 38 69 40 25 12 28
NUMA 13 36 73 30 69 21 77 67 39 30 40 13 39 24
JEWIKE 3 11 74 74
SIYEMU 9 62 59 44 70 3 50 32 60 22
VECELE 10 77 21 16 46 43 34 15 10 45 44
FESAHOJO 13 10 69 71 66 44 16 61 42 76 19 71 8 26
QOWA 6 28 34 71 73 38 54
CO 2 8 24
DOCA 1
26
TEBAS KANAN 8
UNIFIKASI BAKAHAFA DO
QUAKE VUDOYASA 31 3
UNIFIKASI MA QUYI
UNIFIKASI JEWIKE ZE
CRUMBLE
TEBAS KIRI 10
RISE NANULUTE 1 3
SWEEPING FA 2
TELEPORTASI SONA
CRUMBLE
UNIFIKASI FA NANULUTE
TELEPORTASI FESAHOJO
TELEPORTASI JEWIKE
RISE XEJO 21 3
QUAKE PIGOXIGI 73 3
UNIFIKASI JENU SONA
TELEPORTASI BAYO
SWEEPING NUMA 1
TEBAS KANAN 10
STABILIZE
TEBAS KANAN 6
TEBAS KIRI 5
GERAK KIRI 8
TEBAS KANAN 4
TELEPORTASI FOPO
