96
SU 4 60 43 13 2
RORATI 2 48 70
KUQARA 11 28 72 3 33 80 70 23 3 29 77 25
QA 3 60 4 78
WIWU 1 47
LUQIHIYA 14 40 12 10 73 63 36 42 25 11 69 38 22 51 7
LIFEKU 2 19 54
SALUYUNU 10 1 56 69 75 76 78 25 1 64 63
SASO 4 65 23 24 69
QAVUCO 11 24 69 8 45 56 31 47 15 12 17 2
JIDE 11 72 32 48 69 54 61 73 14 36 64 45
VUNU 15 59 54 72 60 45 52 14 3 32 16 2 1 63 46 63
XEREZO 3 16 57 18
SEZABU 15 24 58 37 57 7 67 31 34 13 47 51 67 21 19 45
HUCUXA 15 20 54 58 45 32 45 4 9 47 4 6 54 38 64 8
QEMOJAHI 11 34 65 60 41 67 9 49 73 44 15 8
HODUMUYE 6 67 47 62 2 60 59
TECEGE 6 77 31 72 37 52 63
RADE 6 49 2 53 62 50 38
VI 6 79 5 37 11 20 14
BUQUDA 8 31 67 80 54 15 56 26 15
FECIKIHU 4 51 25 67 17
YO 14 3 11 72 60 78 65 47 19 5 10 31 72 16 9
YEMIDU 13 68 62 42 42 40 10 61 5 75 57 31 31 50
VUTO 15 56 47 74 18 76 46 34 43 78 64 10 49 78 54 76
NOGELEZO 15 43 38 79 12 80 77 15 43 43 17 76 27 2 21 5
VA 11 27 30 57 66 79 57 4 20 60 78 54
VOWUSO 2 71 17
ROFA 14 29 67 35 74 2 33 43 36 57 15 18 15 9 5
KUDOPU 6 80 53 58 10 15 53
SAQE 15 80 54 52 50 28 29 21 56 50 47 8 48 67 50 71
SUCOGE 13 38 3 17 9 42 28 25 27 24 10 51 37 50
FONINEXA 6 33 6 51 4 51 7
QATAMOBI 10 6 79 59 80 49 43 54 47 60 58
HE 6 69 12 27 59 37 27
JAQALITI 13 46 71 3 77 15 35 14 42 41 53 47 48 64
JUWUXEWA 12 52 49 29 31 16 63 53 7 65 6 4 45
POROGE 7 3 80 53 25 5 64 11
GOSEHI 5 52 50 3 51 57
XOVEDAFI 4 30 77 28 11
CEMU 10 37 33 80 66 20 56 76 39 11 45
JEKA 2 68 58
PE 2 40 1
KETOPI 12 46 57 20 79 78 31 79 50 80 30 56 21
RINERI 4 68 26 54 70
KAQURI 2 79 20
HAJEFEGA 8 80 28 67 71 1 64 64 13
ZELAJA 13 26 44 54 41 64 12 28 77 36 72 54 42 75
DENAXI 6 35 40 7 67 32 3
GO 9 80 20 74 70 64 16 70 1 77
JIBI 8 1 31 8 31 29 65 78 55
MA 8 57 62 80 44 75 25 43 63
RE 5 5 76 51 12 61
RACI 7 41 66 31 29 77 24 20
CUWIBOVU 1 45
ME 12 57 66 14 45 5 18 68 70 28 56 60 52
BO 1 77
QEDOFA 8 52 5 14 74 31 30 17 13
ZO 10 16 64 70 78 27 72 35 22 21 7
ZI 9 33 49 77 18 43 6 26 41 14
NIZE 13 6 18 61 54 55 70 17 28 1 55 22 55 72
FA 2 45 56
HEVA 2 74 79
NIHUQONE 14 30 15 79 66 15 38 26 65 55 67 59 10 9 75
LUJEHEWA 4 52 38 33 39
GUTILO 3 54 77 32
FAKUGI 1 8
JUHEGE 6 30 73 45 80 56 61
XUCO 2 49 76
DI 12 36 64 59 71 38 40 34 23 38 20 53 7
FENUJEDE 8 31 51 19 3 36 61 34 35
PIRAZU 3 71 40 58
QUPEMIKI 1 71
FUNAJU 6 36 53 39 56 68 71
HOXAFO 11 7 47 27 57 28 50 75 39 78 9 48
PEJOTICE 1 2
MOSODU 14 60 50 49 34 46 31 58 32 49 52 12 76 15 26
YU 2 56 17
HAHUMUBO 15 7 37 18 33 49 62 65 5 71 60 65 33 59 27 34
KIJIBIYO 15 74 70 32 18 22 1 24 62 61 12 52 34 78 39 61
GEVORE 13 9 67 11 30 36 67 57 5 44 45 61 80 31
YAGA 1 51
BEGOCUWO 15 64 4 51 35 70 17 41 49 48 32 26 54 26 3 67
GALAJU 14 23 60 26 16 77 54 7 53 21 12 14 46 73 27
HU 8 20 23 75 22 9 58 17 56
YAMICUPA 3 21 3 51
QUXIRUJE 13 63 36 38 73 27 54 55 65 9 64 34 22 58
ZUGUCABU 14 79 58 6 68 32 14 20 49 76 38 41 46 72 60
XIVOSU 4 61 43 17 21
POQIYEPI 3 23 62 50
ZUVUSO 2 78 38
DONAJI 11 17 39 13 21 15 7 67 51 28 8 46
FU 13 10 66 11 63 76 28 17 17 69 59 79 9 19
DOZE 10 34 57 25 20 74 22 19 15 10 57
PICICA 14 22 51 34 9 31 46 51 24 21 29 65 78 66 29
GANUGIWA 15 65 61 23 56 32 53 67 38 61 9 30 74 73 73 40
FECIKIHU 4
18
TELEPORTASI HAHUMUBO
SWEEPING XUCO 1
CRUMBLE
RISE TECEGE 47 2
TELEPORTASI QEDOFA
TELEPORTASI GOSEHI
RISE JUWUXEWA 40 2
STABILIZE
QUAKE LIFEKU 46 2
UNIFIKASI LIFEKU QEDOFA
TEBAS KIRI 6
TELEPORTASI YO
GERAK KANAN 5
TELEPORTASI CEMU
GERAK KANAN 1
GERAK KANAN 4
SWEEPING JEKA 1
UNIFIKASI SAQE NIHUQONE
