71
KI 6 19 75 58 33 23 4
SUCE 12 26 79 51 30 17 32 47 78 19 38 66 68
DITU 11 40 53 76 75 35 21 79 44 30 11 14
ZO 4 44 76 5 17
FIBIKOTA 6 54 5 25 76 9 11
BI 6 49 61 44 32 75 4
TIPOJIDU 10 58 50 71 29 71 13 75 51 71 3
KAXE 1 1
SEXODE 15 51 35 44 18 49 72 74 26 36 68 10 32 64 69 12
CE 13 58 36 57 15 72 36 15 71 80 19 16 68 44
LOJOQI 5 52 51 41 67 2
HOFA 2 40 44
NAGIGI 9 39 44 29 2 72 29 10 4 40
XECOVEWI 9 43 46 70 74 7 58 67 13 58
RO 8 49 77 33 12 19 44 2 80
PAKONOYU 3 51 11 63
SAHU 14 17 39 7 2 48 3 80 13 32 73 80 58 24 57
JI 10 60 3 25 62 17 12 31 3 5 51
KEBUMU 11 33 42 10 33 11 42 56 8 5 32 4
FE 9 32 44 43 36 41 2 53 15 79
YI 4 55 57 55 72
XE 10 7 2 25 3 58 79 6 2 57 37
DUYO 15 70 64 64 43 7 20 25 60 32 42 48 40 15 7 30
KUQUBACI 6 46 55 59 47 21 60
CI 9 63 44 76 5 24 61 7 45 75
GUSUFISI 7 29 36 26 51 54 75 74
TIKA 15 8 15 8 13 40 80 11 3 36 28 14 24 62 20 34
PE 8 32 47 24 66 43 65 57 65
CO 12 24 55 43 8 18 40 19 40 36 69 2 65
TAKIME 8 8 65 55 70 15 6 14 1
DEBAKO 13 23 42 1 40 70 44 26 57 50 59 9 58 39
SA 11 66 69 32 25 55 25 34 17 41 42 4
FI 9 16 21 45 30 19 51 23 33 25
BO 7 11 8 12 78 80 53 16
KO 2 18 69
WI 14 4 78 72 24 47 25 53 52 40 45 43 35 3 15
YEWI 6 69 57 18 57 1 5
REMASA 4 2 49 44 4
BUDEZU 11 65 26 1 27 38 28 44 13 25 28 36
VUKOTUSE 1 52
MEGO 7 39 45 65 8 39 65 53
TUMAQIPI 5 72 34 34 42 40
PEZIFIGE 8 36 37 48 44 50 16 46 46
MOJOLI 10 58 59 74 43 63 9 55 68 76 43
WEKA 3 47 28 30
VEVE 4 11 62 41 58
NIGUVAKU 10 47 34 78 22 72 51 33 33 48 14
MIBU 3 45 8 36
LAPUCU 1 16
TUSI 5 77 18 47 44 67
KE 15 21 51 47 33 5 65 74 11 46 20 75 57 75 69 64
GAYUQE 11 5 62 43 12 60 34 28 70 72 79 3
GUSI 13 42 63 72 76 54 59 11 40 72 37 15 10 20
WASE 13 26 48 55 76 34 6 74 5 68 6 23 20 7
ZI 8 63 52 50 54 70 16 41 26
TEXOPU 4 53 74 4 20
WICE 7 53 44 48 42 25 30 17
WAFA 8 16 71 68 32 36 62 35 35
SUJAMU 14 27 20 63 65 75 55 27 24 63 66 6 19 6 34
DOKERENU 3 39 18 80
KUGEQEGI 13 72 21 79 6 51 19 8 70 77 56 58 49 17
JEKU 14 28 75 16 1 39 26 35 21 2 29 73 63 50 46
KILUDU 5 63 54 15 34 79
ZATAKO 6 59 53 8 52 6 11
VA 12 20 13 14 77 19 57 63 35 48 45 44 31
YOPITAHO 9 69 42 47 37 45 76 41 75 51
DOBUGIJI 12 5 12 49 47 13 56 61 38 62 47 66 5
KAMA 6 27 22 45 54 26 1
XUREDA 14 56 58 76 26 73 34 18 71 32 1 11 13 6 51
YULUJI 6 36 46 25 35 75 37
GEXUPUVU 4 33 25 47 1
TUMAQIPI 1
8
SWEEPING SUJAMU 3
CRUMBLE
TEBAS KANAN 1
SWEEPING DOKERENU 1
UNIFIKASI KO SA
STABILIZE
UNIFIKASI KAXE CE
SWEEPING KUQUBACI 1
